#0
# nlon  nlat head8 filename
    64    32     0 SUN_T21L19_V4.3.23a.srp
#3
# zonal average: 
# code level -80    -60    -45    -30    -20    -10     10     20     30     45     60     80
 1 10101 1240
  130    1 253.22 246.89 244.57 242.71 240.88 239.23 237.98 234.56 231.30 221.67 214.81 201.23
  130    2 240.32 232.24 221.87 216.12 214.12 212.73 213.57 215.44 215.07 215.79 212.43 205.83
  130    3 240.45 230.10 216.35 209.98 208.07 209.50 207.79 203.69 205.65 214.03 214.63 208.62
  130    4 235.93 227.38 211.37 201.58 194.92 190.88 191.87 195.11 203.10 214.31 214.64 210.17
  130    5 234.22 226.75 210.72 202.99 196.26 193.65 194.02 197.66 205.98 215.99 218.46 213.38
  130    6 231.99 225.84 212.52 207.67 204.69 203.93 203.67 206.51 209.96 217.87 218.66 214.75
  130    7 230.58 226.29 215.80 216.03 217.65 218.12 217.62 216.47 214.13 218.32 219.18 216.60
  130    8 226.79 223.75 224.18 228.52 231.69 233.02 232.95 229.47 223.79 219.26 217.53 214.51
  130    9 224.75 227.35 236.44 241.78 245.81 246.84 246.68 242.91 235.36 224.76 221.29 214.77
  130   10 225.45 236.82 247.75 253.50 257.10 258.43 258.12 254.89 246.53 233.96 230.23 219.90
  130   11 230.86 247.36 259.47 264.98 267.77 268.47 268.07 265.92 256.99 243.86 239.87 227.86
  130   12 237.03 253.70 266.78 273.15 275.32 275.67 275.51 274.07 265.06 251.34 247.42 235.11
  130   13 243.51 260.95 274.03 280.22 282.29 282.80 282.89 280.82 271.69 257.97 253.78 241.23
  130   14 248.86 264.33 278.27 285.01 286.90 286.14 285.60 284.55 276.48 261.77 257.47 245.42
  130   15 252.55 269.66 280.74 287.34 290.46 290.83 290.42 286.99 278.17 265.36 261.47 248.27
  130   16 253.56 272.81 282.28 289.94 293.21 293.58 293.94 289.62 280.61 267.32 263.00 246.13
  130   17 253.01 274.57 284.26 292.32 295.57 296.19 296.62 292.07 283.12 268.71 262.64 245.44
  130   18 251.57 275.32 285.83 293.99 297.30 298.01 298.67 294.21 285.02 269.22 261.55 244.98
  130   19 250.87 275.99 286.81 294.89 298.38 299.17 299.82 295.46 286.26 269.85 261.57 249.97
 2 10101 1320
  130    1 253.60 246.91 244.57 242.71 240.85 239.18 237.88 234.54 231.36 221.63 214.84 201.28
  130    2 240.83 232.23 221.90 216.14 214.09 212.69 213.49 215.35 215.16 215.73 212.48 205.83
  130    3 240.99 230.08 216.40 210.00 208.04 209.43 207.71 203.62 205.68 214.00 214.69 208.49
  130    4 236.57 227.39 211.42 201.62 194.87 190.84 191.84 195.11 203.01 214.29 214.69 210.04
  130    5 234.82 226.73 210.75 203.00 196.22 193.64 194.00 197.73 205.89 215.98 218.54 213.21
  130    6 232.52 225.83 212.59 207.66 204.67 203.94 203.66 206.58 209.93 217.87 218.73 214.58
  130    7 231.17 226.28 215.86 216.02 217.60 218.10 217.59 216.64 214.08 218.31 219.24 216.38
  130    8 227.38 223.75 224.25 228.50 231.62 232.98 232.85 229.66 223.76 219.21 217.58 214.31
  130    9 225.24 227.42 236.50 241.76 245.72 246.87 246.56 243.00 235.38 224.76 221.24 214.67
  130   10 225.88 236.90 247.80 253.45 257.04 258.56 258.03 254.94 246.56 234.01 230.18 219.84
  130   11 231.26 247.38 259.45 264.95 267.75 268.70 268.05 265.94 257.05 243.89 239.85 227.79
  130   12 237.41 253.69 266.76 273.14 275.32 275.88 275.57 274.07 265.18 251.41 247.44 235.03
  130   13 243.84 260.90 274.00 280.19 282.32 283.03 282.88 280.73 271.91 258.02 253.80 241.13
  130   14 249.28 264.55 278.21 285.02 286.99 286.67 285.81 284.54 276.71 261.91 257.63 245.29
  130   15 252.98 269.62 280.76 287.40 290.51 291.04 290.51 287.02 278.42 265.48 261.58 248.13
  130   16 253.96 272.77 282.39 289.99 293.37 293.89 293.97 289.58 280.99 267.59 263.01 246.03
  130   17 253.44 274.44 284.34 292.27 295.63 296.30 296.61 291.89 283.47 269.07 262.55 245.35
  130   18 252.01 275.14 285.85 293.94 297.34 297.98 298.59 294.05 285.39 269.50 261.59 245.28
  130   19 251.25 275.76 286.78 294.86 298.44 299.15 299.73 295.34 286.69 269.99 261.69 250.11
 3 10101 1400
  130    1 253.90 247.01 244.56 242.72 240.83 239.19 237.79 234.56 231.39 221.74 214.87 201.40
  130    2 241.22 232.31 221.90 216.13 214.05 212.67 213.38 215.35 215.22 215.80 212.54 205.92
  130    3 241.42 230.14 216.42 209.99 208.00 209.38 207.61 203.63 205.76 214.04 214.74 208.44
  130    4 237.00 227.42 211.42 201.64 194.84 190.82 191.81 195.07 203.09 214.30 214.77 209.99
  130    5 235.28 226.76 210.75 203.02 196.21 193.73 193.99 197.68 205.96 215.99 218.60 213.13
  130    6 233.01 225.85 212.60 207.65 204.68 204.00 203.66 206.53 210.00 217.88 218.78 214.47
  130    7 231.72 226.27 215.87 216.03 217.59 218.12 217.58 216.61 214.16 218.31 219.32 216.23
  130    8 227.92 223.67 224.22 228.51 231.58 233.01 232.79 229.61 223.88 219.14 217.63 214.10
  130    9 225.66 227.25 236.43 241.74 245.73 246.92 246.49 242.91 235.48 224.71 221.12 214.45
  130   10 226.25 236.68 247.70 253.42 257.06 258.72 257.92 254.78 246.70 233.98 230.05 219.64
  130   11 231.60 247.14 259.34 264.91 267.80 268.81 267.95 265.78 257.18 243.84 239.74 227.57
  130   12 237.77 253.45 266.68 273.11 275.37 276.00 275.46 273.91 265.32 251.32 247.33 234.79
  130   13 244.25 260.67 273.92 280.19 282.31 283.04 282.78 280.59 272.05 257.94 253.69 240.90
  130   14 249.67 264.38 278.14 284.99 287.09 286.64 285.71 284.31 276.86 261.79 257.58 245.04
  130   15 253.42 269.41 280.64 287.37 290.57 291.02 290.43 286.84 278.61 265.39 261.49 247.84
  130   16 254.50 272.56 282.25 289.98 293.41 293.73 293.90 289.51 281.11 267.40 262.94 245.83
  130   17 254.01 274.26 284.24 292.25 295.60 296.17 296.50 291.92 283.64 268.83 262.53 245.28
  130   18 252.40 274.97 285.84 293.94 297.50 298.03 298.59 294.07 285.66 269.31 261.79 248.01
  130   19 251.68 275.62 286.75 294.98 298.46 299.41 299.72 295.28 286.62 269.28 261.50 248.57
 4 10101 1440
  130    1 253.74 247.18 244.47 242.70 240.79 239.18 237.77 234.65 231.32 221.95 214.94 201.58
  130    2 241.01 232.47 221.77 216.11 213.98 212.63 213.35 215.43 215.16 215.98 212.65 206.15
  130    3 241.30 230.30 216.32 209.97 207.93 209.26 207.55 203.73 205.70 214.19 214.83 208.55
  130    4 236.97 227.59 211.34 201.65 194.77 190.79 191.81 195.12 203.03 214.43 214.88 210.08
  130    5 235.32 226.93 210.69 203.01 196.23 193.76 194.04 197.72 205.90 216.10 218.71 213.19
  130    6 233.14 226.03 212.58 207.62 204.68 204.06 203.70 206.57 209.94 218.02 218.87 214.53
  130    7 231.98 226.45 215.86 215.99 217.57 218.20 217.63 216.69 214.08 218.42 219.48 216.29
  130    8 228.26 223.80 224.22 228.47 231.55 233.10 232.79 229.70 223.83 219.18 217.75 214.09
  130    9 225.98 227.31 236.42 241.75 245.69 246.99 246.45 242.99 235.47 224.77 221.02 214.36
  130   10 226.60 236.76 247.71 253.38 257.10 258.78 257.85 254.89 246.69 234.06 229.95 219.55
  130   11 231.96 247.26 259.32 264.87 267.88 268.92 267.88 265.90 257.18 243.92 239.70 227.50
  130   12 238.19 253.59 266.68 273.08 275.48 276.14 275.42 274.04 265.34 251.41 247.31 234.72
  130   13 244.73 260.87 273.92 280.14 282.38 283.20 282.72 280.69 272.11 258.00 253.72 240.82
  130   14 250.22 264.71 278.11 284.96 287.21 286.93 285.78 284.40 276.90 261.91 257.64 244.97
  130   15 254.05 269.61 280.65 287.40 290.57 291.15 290.42 287.06 278.69 265.48 261.56 247.72
  130   16 255.13 272.75 282.36 289.95 293.57 293.87 293.88 289.72 281.24 267.62 262.94 245.84
  130   17 254.67 274.42 284.28 292.23 295.60 296.25 296.43 292.13 283.72 269.14 262.55 245.36
  130   18 252.94 275.15 285.92 293.97 297.47 298.32 298.52 294.27 285.67 269.55 261.72 247.60
  130   19 252.24 275.87 286.80 295.07 298.52 299.68 299.72 295.45 286.70 269.47 261.69 249.62
 5 10101 1520
  130    1 253.34 247.26 244.39 242.62 240.70 239.10 237.81 234.71 231.21 222.11 215.06 201.71
  130    2 240.46 232.55 221.65 216.03 213.88 212.53 213.40 215.54 215.07 216.09 212.77 206.32
  130    3 240.79 230.40 216.19 209.91 207.82 209.16 207.59 203.88 205.67 214.31 214.93 208.68
  130    4 236.51 227.72 211.20 201.64 194.72 190.67 191.86 195.22 203.02 214.52 214.99 210.23
  130    5 234.94 227.07 210.56 203.01 196.20 193.68 194.04 197.76 205.89 216.19 218.82 213.33
  130    6 232.78 226.18 212.48 207.60 204.71 203.98 203.68 206.60 209.89 218.13 218.95 214.72
  130    7 231.67 226.62 215.80 215.96 217.60 218.11 217.58 216.75 214.01 218.52 219.62 216.50
  130    8 228.01 223.91 224.17 228.43 231.55 233.00 232.68 229.75 223.81 219.27 217.90 214.18
  130    9 225.78 227.35 236.36 241.70 245.68 246.92 246.32 243.01 235.50 224.90 220.97 214.36
  130   10 226.50 236.78 247.64 253.32 257.04 258.75 257.71 254.89 246.72 234.18 229.86 219.58
  130   11 231.90 247.30 259.24 264.80 267.84 268.85 267.75 265.92 257.18 244.04 239.64 227.55
  130   12 238.14 253.65 266.61 273.01 275.42 276.06 275.27 274.10 265.32 251.51 247.27 234.79
  130   13 244.69 260.97 273.85 280.08 282.25 283.22 282.56 280.77 272.09 258.12 253.68 240.93
  130   14 250.15 264.81 278.04 284.89 287.14 286.87 285.63 284.42 276.87 262.04 257.61 245.07
  130   15 253.97 269.74 280.55 287.34 290.58 291.23 290.31 287.17 278.69 265.65 261.52 247.81
  130   16 255.11 272.88 282.28 289.90 293.46 293.83 293.80 289.88 281.32 267.68 262.96 245.97
  130   17 254.66 274.52 284.25 292.15 295.65 296.16 296.39 292.36 283.78 269.15 262.58 246.29
  130   18 252.86 275.32 285.89 293.95 297.45 298.29 298.53 294.54 285.70 269.67 261.67 248.35
  130   19 252.04 276.02 286.79 294.97 298.41 299.45 299.65 295.65 286.60 269.36 261.44 249.41
 6 10101 1600
  130    1 252.90 247.31 244.46 242.50 240.58 239.02 237.98 234.71 231.09 222.11 215.21 201.73
  130    2 239.86 232.55 221.69 215.90 213.72 212.39 213.62 215.55 214.97 215.99 212.92 206.35
  130    3 240.17 230.41 216.18 209.80 207.68 208.94 207.82 203.94 205.61 214.24 215.03 208.69
  130    4 235.99 227.76 211.16 201.58 194.61 190.56 192.06 195.25 202.97 214.47 215.08 210.26
  130    5 234.40 227.10 210.50 202.98 196.17 193.60 194.18 197.77 205.85 216.14 218.94 213.35
  130    6 232.20 226.21 212.43 207.57 204.68 203.95 203.79 206.58 209.82 218.11 219.07 214.81
  130    7 231.12 226.66 215.76 215.93 217.56 218.09 217.68 216.73 213.93 218.48 219.79 216.64
  130    8 227.50 223.91 224.12 228.40 231.52 232.97 232.74 229.74 223.79 219.22 218.06 214.24
  130    9 225.34 227.30 236.32 241.70 245.60 246.86 246.36 243.03 235.52 224.94 220.93 214.31
  130   10 226.15 236.77 247.62 253.28 256.97 258.65 257.74 254.95 246.71 234.24 229.80 219.56
  130   11 231.63 247.33 259.18 264.76 267.78 268.74 267.79 266.01 257.14 244.08 239.63 227.56
  130   12 237.93 253.70 266.56 272.97 275.38 275.97 275.35 274.23 265.27 251.56 247.28 234.81
  130   13 244.47 261.07 273.79 280.03 282.23 283.15 282.63 280.88 272.06 258.18 253.72 240.96
  130   14 249.94 264.99 277.96 284.86 287.04 286.99 285.73 284.55 276.82 262.12 257.65 245.08
  130   15 253.74 269.84 280.50 287.34 290.51 291.27 290.42 287.40 278.68 265.69 261.60 247.86
  130   16 254.87 272.96 282.32 289.88 293.54 293.85 293.94 290.10 281.30 267.84 263.03 246.10
  130   17 254.36 274.57 284.26 292.17 295.54 296.22 296.51 292.55 283.78 269.35 262.67 246.34
  130   18 252.62 275.40 285.91 294.01 297.41 298.30 298.62 294.72 285.59 269.83 261.78 248.35
  130   19 251.56 276.10 286.80 295.01 298.34 299.50 299.78 295.76 286.51 269.51 261.55 249.21
 7 10101 1640
  130    1 252.74 247.32 244.68 242.38 240.44 238.97 238.15 234.65 231.03 222.04 215.35 201.68
  130    2 239.56 232.54 221.92 215.74 213.53 212.30 213.83 215.48 214.94 215.82 213.05 206.31
  130    3 239.81 230.41 216.34 209.66 207.49 208.79 208.08 203.92 205.62 214.12 215.10 208.63
  130    4 235.68 227.80 211.27 201.51 194.47 190.44 192.26 195.29 202.95 214.40 215.12 210.25
  130    5 234.02 227.14 210.55 202.95 196.11 193.52 194.22 197.83 205.82 216.08 219.02 213.33
  130    6 231.71 226.25 212.46 207.53 204.71 203.89 203.79 206.63 209.77 218.07 219.17 214.82
  130    7 230.59 226.71 215.77 215.89 217.58 218.06 217.66 216.83 213.82 218.42 219.89 216.67
  130    8 227.00 223.93 224.11 228.38 231.47 232.88 232.67 229.84 223.71 219.13 218.17 214.26
  130    9 224.88 227.34 236.32 241.66 245.54 246.73 246.32 243.08 235.50 224.96 220.90 214.35
  130   10 225.78 236.79 247.61 253.22 256.86 258.53 257.73 254.96 246.69 234.29 229.75 219.60
  130   11 231.37 247.34 259.15 264.69 267.67 268.61 267.82 266.03 257.10 244.08 239.62 227.61
  130   12 237.66 253.70 266.54 272.90 275.25 275.84 275.40 274.27 265.24 251.54 247.30 234.87
  130   13 244.15 261.06 273.77 279.96 282.03 283.00 282.68 280.92 272.05 258.13 253.73 241.05
  130   14 249.56 265.00 277.95 284.77 286.98 286.81 285.79 284.55 276.79 262.11 257.72 245.15
  130   15 253.26 269.88 280.46 287.29 290.50 291.14 290.51 287.45 278.67 265.71 261.63 247.92
  130   16 254.39 272.98 282.28 289.84 293.35 293.77 294.01 290.17 281.34 267.81 263.12 246.22
  130   17 253.86 274.58 284.30 292.11 295.46 296.08 296.62 292.67 283.86 269.27 262.75 246.66
  130   18 252.15 275.40 285.96 293.95 297.27 298.11 298.76 294.90 285.67 269.76 261.84 248.71
  130   19 250.94 276.05 286.86 294.96 298.26 299.35 299.89 295.92 286.56 269.30 261.41 249.78
 8 10101 1720
  130    1 252.87 247.35 244.90 242.29 240.27 238.96 238.18 234.58 231.00 221.95 215.40 201.68
  130    2 239.67 232.55 222.22 215.64 213.34 212.27 213.91 215.38 214.97 215.65 213.09 206.30
  130    3 239.80 230.40 216.61 209.56 207.31 208.70 208.23 203.83 205.66 213.96 215.09 208.60
  130    4 235.66 227.80 211.49 201.43 194.34 190.40 192.43 195.23 202.97 214.29 215.11 210.25
  130    5 233.91 227.14 210.71 202.91 196.06 193.49 194.31 197.83 205.84 215.95 219.04 213.29
  130    6 231.52 226.23 212.57 207.51 204.66 203.88 203.87 206.60 209.76 217.97 219.22 214.78
  130    7 230.36 226.69 215.86 215.87 217.50 218.05 217.73 216.80 213.79 218.28 219.97 216.64
  130    8 226.72 223.88 224.14 228.35 231.40 232.83 232.72 229.82 223.71 218.93 218.21 214.28
  130    9 224.60 227.28 236.34 241.66 245.43 246.66 246.39 243.07 235.54 224.86 220.79 214.38
  130   10 225.55 236.76 247.66 253.18 256.75 258.41 257.83 254.94 246.72 234.23 229.67 219.65
  130   11 231.16 247.31 259.19 264.63 267.57 268.48 267.96 266.02 257.13 243.98 239.59 227.64
  130   12 237.48 253.68 266.62 272.84 275.17 275.69 275.58 274.27 265.28 251.41 247.27 234.89
  130   13 243.92 261.08 273.86 279.86 282.00 282.87 282.83 280.90 272.10 258.00 253.73 241.07
  130   14 249.33 265.07 278.03 284.73 286.88 286.78 286.01 284.56 276.82 261.96 257.74 245.16
  130   15 253.03 269.87 280.56 287.27 290.37 291.11 290.74 287.48 278.74 265.55 261.69 247.97
  130   16 254.12 272.95 282.46 289.77 293.38 293.68 294.23 290.23 281.39 267.79 263.17 246.28
  130   17 253.56 274.54 284.49 292.15 295.38 296.07 296.80 292.68 283.91 269.28 262.85 246.65
  130   18 251.97 275.35 286.15 293.92 297.22 298.10 298.87 294.90 285.70 269.66 261.83 248.58
  130   19 250.48 275.99 287.03 294.90 298.11 299.17 299.97 295.85 286.69 268.94 261.47 249.56
 9 10101 1800
  130    1 253.19 247.28 244.96 242.35 240.19 239.07 238.10 234.53 231.03 222.00 215.38 201.69
  130    2 240.01 232.43 222.32 215.70 213.21 212.38 213.82 215.31 215.07 215.67 213.09 206.32
  130    3 240.04 230.31 216.76 209.57 207.16 208.78 208.19 203.78 205.75 213.94 215.06 208.61
  130    4 235.84 227.72 211.64 201.45 194.22 190.44 192.45 195.20 203.04 214.29 215.10 210.28
  130    5 234.04 227.07 210.82 202.94 196.06 193.48 194.34 197.83 205.86 215.95 219.02 213.28
  130    6 231.62 226.18 212.65 207.52 204.73 203.86 203.92 206.58 209.75 218.00 219.22 214.76
  130    7 230.40 226.64 215.89 215.87 217.53 218.06 217.77 216.82 213.75 218.26 219.99 216.65
  130    8 226.70 223.80 224.11 228.35 231.37 232.81 232.71 229.87 223.65 218.80 218.21 214.35
  130    9 224.53 227.21 236.31 241.65 245.40 246.67 246.38 243.06 235.53 224.80 220.69 214.47
  130   10 225.48 236.68 247.64 253.15 256.70 258.45 257.82 254.89 246.73 234.18 229.59 219.71
  130   11 231.10 247.22 259.18 264.59 267.54 268.52 267.96 265.98 257.15 243.90 239.52 227.70
  130   12 237.40 253.60 266.65 272.80 275.14 275.70 275.60 274.25 265.32 251.32 247.21 234.95
  130   13 243.85 261.00 273.91 279.82 281.92 282.91 282.85 280.87 272.16 257.88 253.69 241.16
  130   14 249.24 265.03 278.09 284.67 286.85 286.79 286.06 284.51 276.86 261.88 257.74 245.24
  130   15 252.90 269.83 280.61 287.23 290.35 291.12 290.74 287.46 278.81 265.49 261.66 248.06
  130   16 254.01 272.92 282.51 289.76 293.29 293.73 294.25 290.20 281.47 267.68 263.15 246.40
  130   17 253.45 274.50 284.57 292.13 295.31 296.02 296.79 292.71 284.01 269.13 262.84 246.86
  130   18 251.87 275.30 286.25 293.88 297.10 298.03 298.89 294.90 285.89 269.49 261.71 248.79
  130   19 250.31 275.95 287.20 294.88 297.97 299.26 299.92 295.74 286.81 268.84 261.29 249.56
 10 10101 1840
  130    1 253.62 247.14 244.79 242.52 240.29 239.25 237.87 234.56 231.05 222.18 215.31 201.74
  130    2 240.50 232.22 222.18 215.89 213.28 212.59 213.57 215.31 215.14 215.84 213.08 206.39
  130    3 240.47 230.14 216.73 209.68 207.16 208.95 207.98 203.77 205.82 214.03 215.02 208.69
  130    4 236.21 227.58 211.66 201.52 194.23 190.58 192.37 195.20 203.08 214.36 215.07 210.37
  130    5 234.39 226.97 210.85 203.00 196.08 193.48 194.34 197.85 205.88 215.99 218.99 213.34
  130    6 231.96 226.10 212.67 207.56 204.73 203.86 203.95 206.56 209.74 218.07 219.18 214.82
  130    7 230.71 226.58 215.89 215.87 217.51 218.08 217.81 216.80 213.71 218.31 219.98 216.76
  130    8 226.92 223.73 224.07 228.33 231.37 232.83 232.70 229.87 223.61 218.72 218.22 214.50
  130    9 224.66 227.14 236.27 241.67 245.37 246.66 246.35 243.07 235.55 224.76 220.60 214.59
  130   10 225.56 236.64 247.61 253.15 256.68 258.43 257.80 254.89 246.76 234.16 229.49 219.82
  130   11 231.14 247.19 259.15 264.59 267.52 268.55 267.94 265.97 257.18 243.87 239.43 227.81
  130   12 237.45 253.57 266.62 272.80 275.13 275.73 275.60 274.25 265.36 251.28 247.13 235.06
  130   13 243.88 261.00 273.91 279.81 281.92 282.90 282.81 280.85 272.20 257.86 253.63 241.27
  130   14 249.31 265.06 278.09 284.71 286.81 286.86 286.04 284.50 276.88 261.84 257.68 245.36
  130   15 252.99 269.84 280.61 287.28 290.28 291.18 290.75 287.49 278.88 265.48 261.62 248.21
  130   16 254.10 272.89 282.60 289.83 293.30 293.76 294.22 290.23 281.52 267.70 263.10 246.55
  130   17 253.53 274.47 284.69 292.15 295.29 296.04 296.74 292.75 284.07 269.22 262.79 246.96
  130   18 252.04 275.25 286.34 293.88 297.08 298.11 298.83 294.94 285.97 269.47 261.68 248.75
  130   19 250.30 275.91 287.22 294.89 297.92 299.24 299.86 295.76 286.87 268.82 261.22 249.45
 11 10101 1920
  130    1 254.02 246.87 244.48 242.66 240.54 239.36 237.66 234.56 231.08 222.36 215.25 201.69
  130    2 240.95 231.88 221.84 216.06 213.56 212.75 213.35 215.31 215.22 216.06 213.11 206.37
  130    3 240.87 229.86 216.53 209.80 207.35 209.17 207.76 203.79 205.89 214.17 215.04 208.71
  130    4 236.60 227.34 211.55 201.63 194.35 190.71 192.24 195.20 203.12 214.46 215.09 210.40
  130    5 234.75 226.76 210.79 203.09 196.16 193.51 194.34 197.83 205.90 216.07 219.00 213.36
  130    6 232.30 225.94 212.62 207.60 204.84 203.84 204.00 206.50 209.72 218.19 219.15 214.88
  130    7 231.03 226.44 215.82 215.86 217.59 218.07 217.85 216.77 213.68 218.44 219.98 216.87
  130    8 227.18 223.59 223.98 228.33 231.40 232.82 232.69 229.87 223.57 218.74 218.27 214.58
  130    9 224.84 227.01 236.18 241.69 245.40 246.70 246.34 243.04 235.56 224.79 220.57 214.61
  130   10 225.70 236.52 247.51 253.17 256.70 258.53 257.76 254.84 246.76 234.18 229.44 219.84
  130   11 231.22 247.06 259.02 264.61 267.59 268.63 267.90 265.93 257.17 243.87 239.38 227.85
  130   12 237.51 253.44 266.49 272.83 275.22 275.83 275.55 274.24 265.36 251.30 247.07 235.13
  130   13 243.96 260.88 273.77 279.86 281.94 283.03 282.77 280.84 272.20 257.88 253.58 241.38
  130   14 249.39 264.98 277.95 284.73 286.94 286.96 286.00 284.46 276.87 261.92 257.65 245.47
  130   15 253.06 269.74 280.48 287.31 290.34 291.35 290.67 287.52 278.89 265.54 261.59 248.33
  130   16 254.19 272.79 282.53 289.89 293.31 293.90 294.15 290.26 281.55 267.80 263.10 246.73
  130   17 253.63 274.37 284.62 292.18 295.29 296.09 296.64 292.81 284.10 269.27 262.76 247.14
  130   18 252.09 275.17 286.24 293.92 297.06 298.18 298.73 294.97 286.00 269.59 261.61 248.90
  130   19 250.47 275.80 287.15 294.92 297.94 299.31 299.69 295.74 286.83 268.91 261.02 249.36
 12 10101 2000
  130    1 254.32 246.66 244.15 242.74 240.95 239.45 237.49 234.56 231.13 222.50 215.21 201.51
  130    2 241.26 231.59 221.47 216.15 214.01 212.88 213.15 215.30 215.32 216.23 213.16 206.19
  130    3 241.15 229.61 216.29 209.85 207.71 209.34 207.56 203.78 205.96 214.30 215.08 208.62
  130    4 236.93 227.13 211.41 201.68 194.59 190.86 192.13 195.20 203.14 214.56 215.13 210.34
  130    5 235.03 226.59 210.70 203.14 196.28 193.48 194.31 197.86 205.91 216.14 219.04 213.29
  130    6 232.57 225.80 212.55 207.63 204.89 203.83 204.02 206.48 209.70 218.30 219.16 214.86
  130    7 231.32 226.33 215.74 215.86 217.59 218.11 217.88 216.73 213.65 218.56 219.98 216.90
  130    8 227.43 223.49 223.87 228.30 231.43 232.85 232.67 229.84 223.53 218.77 218.31 214.58
  130    9 225.01 226.93 236.07 241.69 245.43 246.66 246.30 243.03 235.57 224.84 220.53 214.56
  130   10 225.82 236.46 247.40 253.16 256.75 258.46 257.73 254.84 246.75 234.22 229.39 219.83
  130   11 231.31 246.99 258.86 264.60 267.65 268.61 267.86 265.94 257.14 243.91 239.35 227.87
  130   12 237.60 253.36 266.33 272.84 275.30 275.82 275.53 274.27 265.33 251.35 247.04 235.13
  130   13 244.02 260.81 273.60 279.87 282.05 282.97 282.71 280.85 272.18 257.94 253.58 241.39
  130   14 249.46 264.93 277.77 284.78 286.98 287.01 285.99 284.46 276.84 261.99 257.65 245.48
  130   15 253.13 269.68 280.31 287.35 290.44 291.37 290.64 287.59 278.89 265.63 261.61 248.36
  130   16 254.27 272.70 282.44 289.95 293.48 293.97 294.08 290.32 281.56 267.94 263.11 246.79
  130   17 253.72 274.26 284.51 292.20 295.43 296.21 296.58 292.85 284.13 269.46 262.74 247.13
  130   18 252.19 275.07 286.12 293.94 297.18 298.30 298.66 294.98 286.04 269.70 261.63 248.80
  130   19 250.49 275.66 287.00 294.95 298.03 299.40 299.58 295.72 286.83 269.05 261.10 249.13
 13 10101 2040
  130    1 254.35 246.60 243.92 242.72 241.29 239.47 237.45 234.55 231.19 222.52 215.14 201.21
  130    2 241.28 231.48 221.19 216.15 214.41 212.93 213.06 215.27 215.44 216.29 213.19 205.86
  130    3 241.18 229.48 216.10 209.83 208.06 209.47 207.43 203.76 206.06 214.36 215.12 208.37
  130    4 237.01 227.00 211.30 201.69 194.80 190.96 192.05 195.18 203.19 214.59 215.18 210.16
  130    5 235.12 226.48 210.64 203.17 196.36 193.52 194.30 197.86 205.95 216.15 219.09 213.11
  130    6 232.64 225.71 212.50 207.65 204.96 203.83 204.05 206.43 209.71 218.36 219.18 214.71
  130    7 231.42 226.26 215.69 215.84 217.64 218.09 217.91 216.68 213.64 218.64 220.00 216.75
  130    8 227.53 223.40 223.78 228.28 231.44 232.82 232.64 229.82 223.49 218.76 218.34 214.41
  130    9 225.07 226.84 235.98 241.68 245.47 246.64 246.30 242.99 235.59 224.86 220.51 214.40
  130   10 225.86 236.38 247.31 253.14 256.79 258.45 257.73 254.78 246.74 234.24 229.37 219.72
  130   11 231.35 246.90 258.74 264.57 267.75 268.56 267.86 265.88 257.13 243.91 239.33 227.77
  130   12 237.62 253.28 266.20 272.81 275.45 275.79 275.53 274.23 265.33 251.36 247.03 235.04
  130   13 244.04 260.72 273.45 279.85 282.17 283.00 282.72 280.79 272.19 257.95 253.58 241.31
  130   14 249.46 264.86 277.62 284.72 287.17 287.03 285.98 284.41 276.83 262.04 257.66 245.39
  130   15 253.13 269.59 280.20 287.33 290.60 291.45 290.63 287.57 278.89 265.68 261.65 248.27
  130   16 254.27 272.60 282.38 289.93 293.57 294.02 294.06 290.32 281.57 268.00 263.14 246.77
  130   17 253.71 274.17 284.40 292.18 295.56 296.18 296.54 292.84 284.19 269.49 262.78 247.11
  130   18 252.16 275.02 286.03 293.94 297.34 298.29 298.61 294.94 286.08 269.73 261.56 248.64
  130   19 250.50 275.58 286.91 294.92 298.19 299.39 299.47 295.64 286.88 269.00 261.20 248.98
 14 10101 2120
  130    1 254.18 246.67 243.81 242.68 241.42 239.48 237.43 234.52 231.26 222.47 215.08 200.91
  130    2 241.00 231.54 221.06 216.10 214.57 212.98 213.05 215.24 215.55 216.23 213.17 205.50
  130    3 240.92 229.50 216.02 209.76 208.18 209.59 207.36 203.74 206.15 214.34 215.13 208.07
  130    4 236.83 226.99 211.26 201.64 194.86 191.09 192.02 195.17 203.24 214.56 215.20 209.93
  130    5 234.97 226.47 210.63 203.16 196.41 193.48 194.30 197.89 205.98 216.12 219.13 212.86
  130    6 232.54 225.71 212.48 207.66 205.02 203.79 204.08 206.42 209.72 218.37 219.21 214.48
  130    7 231.37 226.27 215.65 215.82 217.66 218.12 217.94 216.63 213.64 218.67 220.01 216.51
  130    8 227.49 223.38 223.70 228.26 231.46 232.84 232.65 229.77 223.46 218.71 218.35 214.17
  130    9 225.03 226.78 235.90 241.67 245.48 246.61 246.30 242.97 235.60 224.84 220.45 214.21
  130   10 225.85 236.34 247.24 253.11 256.83 258.36 257.73 254.74 246.74 234.23 229.32 219.59
  130   11 231.35 246.86 258.65 264.53 267.81 268.47 267.88 265.82 257.12 243.88 239.29 227.63
  130   12 237.62 253.25 266.13 272.77 275.52 275.72 275.55 274.19 265.34 251.32 246.99 234.88
  130   13 244.01 260.70 273.38 279.78 282.25 282.86 282.72 280.75 272.20 257.92 253.57 241.13
  130   14 249.44 264.86 277.55 284.71 287.24 287.03 286.02 284.33 276.84 262.03 257.66 245.20
  130   15 253.10 269.58 280.13 287.34 290.66 291.43 290.63 287.53 278.95 265.66 261.66 248.07
  130   16 254.25 272.56 282.33 289.94 293.66 294.05 294.05 290.30 281.60 268.03 263.15 246.59
  130   17 253.69 274.14 284.38 292.17 295.63 296.23 296.52 292.78 284.27 269.54 262.78 246.92
  130   18 252.15 275.00 285.99 293.89 297.35 298.35 298.59 294.86 286.15 269.73 261.55 248.27
  130   19 250.28 275.53 286.88 294.87 298.21 299.36 299.43 295.51 286.94 268.96 261.24 248.59
 15 10101 2200
  130    1 253.85 246.88 243.86 242.62 241.31 239.50 237.53 234.58 231.29 222.37 214.97 200.74
  130    2 240.56 231.78 221.09 216.05 214.44 213.03 213.13 215.31 215.63 216.12 213.07 205.27
  130    3 240.51 229.67 216.04 209.69 208.06 209.73 207.34 203.81 206.22 214.27 215.07 207.85
  130    4 236.48 227.11 211.30 201.58 194.74 191.23 192.01 195.20 203.29 214.49 215.19 209.76
  130    5 234.68 226.57 210.66 203.16 196.31 193.53 194.31 197.93 206.03 216.04 219.14 212.66
  130    6 232.31 225.80 212.52 207.68 204.97 203.80 204.12 206.41 209.74 218.35 219.20 214.30
  130    7 231.20 226.36 215.66 215.82 217.63 218.10 217.98 216.60 213.65 218.67 219.99 216.31
  130    8 227.35 223.42 223.65 228.26 231.41 232.81 232.64 229.76 223.42 218.62 218.32 213.99
  130    9 224.92 226.77 235.87 241.67 245.42 246.55 246.31 242.94 235.61 224.79 220.37 214.07
  130   10 225.79 236.33 247.21 253.10 256.74 258.27 257.75 254.70 246.74 234.17 229.26 219.46
  130   11 231.31 246.86 258.62 264.51 267.74 268.37 267.92 265.78 257.12 243.80 239.23 227.49
  130   12 237.57 253.26 266.11 272.76 275.48 275.64 275.59 274.16 265.35 251.24 246.94 234.72
  130   13 243.96 260.73 273.35 279.77 282.19 282.84 282.76 280.68 272.23 257.85 253.53 240.97
  130   14 249.38 264.89 277.52 284.69 287.20 287.01 286.07 284.28 276.85 261.99 257.64 245.02
  130   15 253.03 269.60 280.14 287.34 290.60 291.43 290.65 287.53 278.98 265.62 261.65 247.90
  130   16 254.19 272.58 282.39 289.91 293.58 294.07 294.04 290.30 281.65 267.98 263.15 246.44
  130   17 253.62 274.16 284.41 292.14 295.56 296.19 296.48 292.78 284.34 269.46 262.76 246.76
  130   18 252.09 275.06 286.06 293.87 297.27 298.32 298.54 294.79 286.23 269.60 261.49 248.03
  130   19 250.12 275.59 286.95 294.80 298.11 299.34 299.39 295.41 287.00 268.91 261.17 248.30
 16 10101 2240
  130    1 253.52 247.14 244.09 242.56 241.02 239.46 237.71 234.71 231.24 222.23 214.80 200.78
  130    2 240.11 232.07 221.28 215.96 214.13 213.01 213.31 215.47 215.62 215.96 212.92 205.26
  130    3 240.07 229.88 216.17 209.59 207.80 209.83 207.39 203.95 206.24 214.15 214.96 207.81
  130    4 236.10 227.27 211.40 201.49 194.55 191.38 192.02 195.29 203.32 214.38 215.13 209.73
  130    5 234.35 226.70 210.77 203.12 196.24 193.52 194.31 198.00 206.05 215.95 219.12 212.60
  130    6 232.04 225.90 212.60 207.68 204.98 203.71 204.16 206.43 209.75 218.30 219.17 214.25
  130    7 230.98 226.47 215.70 215.81 217.62 218.06 218.03 216.58 213.64 218.63 219.95 216.26
  130    8 227.16 223.50 223.66 228.25 231.39 232.79 232.66 229.73 223.37 218.53 218.29 213.94
  130    9 224.78 226.78 235.87 241.70 245.35 246.54 246.33 242.92 235.60 224.71 220.30 214.01
  130   10 225.73 236.31 247.21 253.12 256.65 258.22 257.78 254.68 246.72 234.11 229.19 219.40
  130   11 231.27 246.86 258.62 264.51 267.62 268.32 267.95 265.75 257.09 243.72 239.17 227.43
  130   12 237.54 253.27 266.14 272.76 275.34 275.61 275.63 274.14 265.34 251.16 246.89 234.65
  130   13 243.90 260.77 273.39 279.75 282.04 282.76 282.77 280.68 272.23 257.78 253.48 240.88
  130   14 249.33 264.95 277.55 284.72 287.05 287.02 286.12 284.26 276.85 261.96 257.61 244.91
  130   15 252.97 269.67 280.19 287.39 290.46 291.44 290.67 287.51 279.03 265.58 261.62 247.80
  130   16 254.14 272.62 282.45 289.96 293.45 294.04 294.06 290.29 281.66 267.94 263.13 246.39
  130   17 253.57 274.20 284.52 292.11 295.41 296.21 296.48 292.77 284.39 269.46 262.68 246.64
  130   18 252.11 275.11 286.17 293.85 297.07 298.31 298.52 294.78 286.27 269.57 261.39 247.81
  130   19 249.93 275.66 287.04 294.84 297.89 299.31 299.34 295.44 286.99 268.73 261.09 248.01
 17 10101 2320
  130    1 253.25 247.33 244.36 242.45 240.72 239.31 237.95 234.87 231.14 222.06 214.65 201.02
  130    2 239.76 232.29 221.58 215.84 213.81 212.89 213.56 215.69 215.53 215.76 212.75 205.50
  130    3 239.75 230.05 216.38 209.45 207.53 209.84 207.50 204.16 206.19 214.01 214.84 207.98
  130    4 235.82 227.41 211.57 201.38 194.34 191.46 192.07 195.41 203.32 214.26 215.06 209.88
  130    5 234.10 226.82 210.90 203.07 196.11 193.55 194.34 198.08 206.07 215.85 219.06 212.71
  130    6 231.83 226.00 212.71 207.67 204.91 203.71 204.22 206.46 209.74 218.24 219.10 214.37
  130    7 230.79 226.57 215.75 215.80 217.57 218.04 218.08 216.56 213.62 218.58 219.87 216.40
  130    8 227.00 223.57 223.66 228.24 231.35 232.74 232.66 229.72 223.31 218.44 218.24 214.07
  130    9 224.66 226.79 235.88 241.70 245.28 246.47 246.36 242.92 235.59 224.66 220.22 214.07
  130   10 225.66 236.31 247.25 253.12 256.54 258.14 257.81 254.69 246.69 234.05 229.12 219.43
  130   11 231.23 246.89 258.65 264.50 267.52 268.23 267.99 265.77 257.05 243.64 239.08 227.45
  130   12 237.51 253.31 266.19 272.78 275.25 275.55 275.67 274.18 265.30 251.08 246.81 234.68
  130   13 243.86 260.82 273.44 279.75 281.90 282.72 282.81 280.72 272.20 257.71 253.40 240.92
  130   14 249.28 265.00 277.59 284.74 286.98 287.00 286.16 284.31 276.81 261.92 257.54 244.96
  130   15 252.90 269.72 280.26 287.40 290.33 291.43 290.70 287.60 279.03 265.53 261.57 247.85
  130   16 254.10 272.65 282.58 289.97 293.28 294.05 294.07 290.39 281.66 267.89 263.07 246.48
  130   17 253.54 274.24 284.62 292.09 295.25 296.16 296.45 292.85 284.38 269.36 262.62 246.70
  130   18 252.08 275.18 286.29 293.86 296.91 298.27 298.49 294.82 286.25 269.46 261.34 247.77
  130   19 249.81 275.73 287.15 294.85 297.68 299.24 299.29 295.46 286.94 268.66 260.88 247.83
 18 10102 0
  130    1 253.10 247.47 244.67 242.40 240.46 239.10 238.24 235.03 231.01 221.85 214.51 201.35
  130    2 239.57 232.43 221.88 215.77 213.56 212.68 213.86 215.89 215.40 215.54 212.62 205.84
  130    3 239.56 230.16 216.59 209.34 207.38 209.76 207.65 204.34 206.12 213.86 214.73 208.25
  130    4 235.67 227.51 211.73 201.30 194.21 191.49 192.13 195.53 203.30 214.13 214.98 210.11
  130    5 233.95 226.90 211.04 203.05 196.04 193.53 194.34 198.16 206.07 215.74 218.99 212.90
  130    6 231.68 226.08 212.81 207.67 204.90 203.64 204.24 206.50 209.72 218.16 219.03 214.57
  130    7 230.65 226.65 215.80 215.81 217.56 218.00 218.11 216.55 213.59 218.51 219.79 216.65
  130    8 226.88 223.63 223.68 228.25 231.33 232.72 232.68 229.69 223.25 218.35 218.18 214.30
  130    9 224.56 226.80 235.92 241.71 245.27 246.42 246.38 242.92 235.57 224.58 220.13 214.18
  130   10 225.60 236.31 247.29 253.10 256.60 258.04 257.84 254.70 246.64 233.99 229.03 219.51
  130   11 231.20 246.89 258.70 264.47 267.58 268.13 268.03 265.80 256.99 243.58 238.99 227.55
  130   12 237.48 253.31 266.26 272.75 275.30 275.46 275.72 274.22 265.25 251.01 246.71 234.78
  130   13 243.82 260.85 273.51 279.71 281.93 282.62 282.84 280.78 272.15 257.64 253.30 241.03
  130   14 249.23 265.06 277.67 284.71 287.05 286.95 286.20 284.37 276.76 261.88 257.46 245.07
  130   15 252.87 269.77 280.35 287.43 290.32 291.36 290.72 287.66 279.02 265.48 261.47 247.97
  130   16 254.07 272.67 282.67 290.00 293.28 293.95 294.10 290.46 281.67 267.86 263.00 246.67
  130   17 253.50 274.25 284.73 292.07 295.22 296.09 296.47 292.91 284.38 269.34 262.55 246.81
  130   18 252.12 275.22 286.39 293.90 296.80 298.19 298.49 294.86 286.21 269.37 261.23 247.78
  130   19 249.69 275.75 287.24 294.84 297.62 299.13 299.28 295.50 286.84 268.53 260.72 247.75
 19 10102 40
  130    1 253.15 247.50 244.88 242.44 240.34 238.88 238.48 235.12 230.89 221.65 214.44 201.63
  130    2 239.59 232.47 222.12 215.80 213.45 212.44 214.12 216.02 215.27 215.33 212.55 206.13
  130    3 239.54 230.21 216.75 209.30 207.35 209.63 207.78 204.45 206.03 213.73 214.66 208.47
  130    4 235.65 227.55 211.85 201.24 194.17 191.49 192.18 195.60 203.28 214.03 214.93 210.29
  130    5 233.91 226.95 211.13 203.03 195.96 193.57 194.33 198.24 206.07 215.65 218.94 213.05
  130    6 231.63 226.13 212.87 207.68 204.84 203.65 204.26 206.52 209.71 218.08 218.97 214.74
  130    7 230.61 226.71 215.83 215.80 217.51 217.99 218.13 216.54 213.57 218.44 219.74 216.86
  130    8 226.84 223.67 223.67 228.22 231.33 232.69 232.67 229.67 223.18 218.25 218.13 214.50
  130    9 224.52 226.80 235.93 241.69 245.28 246.37 246.39 242.91 235.55 224.51 220.04 214.30
  130   10 225.60 236.29 247.31 253.08 256.59 257.95 257.86 254.70 246.60 233.92 228.95 219.59
  130   11 231.21 246.89 258.71 264.45 267.56 268.03 268.07 265.80 256.93 243.49 238.89 227.63
  130   12 237.48 253.33 266.29 272.73 275.29 275.38 275.76 274.25 265.20 250.93 246.59 234.87
  130   13 243.82 260.86 273.52 279.70 281.91 282.51 282.88 280.81 272.11 257.56 253.19 241.15
  130   14 249.23 265.07 277.67 284.71 287.04 286.90 286.25 284.38 276.71 261.82 257.36 245.19
  130   15 252.87 269.78 280.38 287.44 290.30 291.28 290.74 287.70 279.02 265.42 261.39 248.11
  130   16 254.09 272.68 282.74 290.02 293.26 293.88 294.10 290.50 281.66 267.82 262.88 246.84
  130   17 253.52 274.27 284.77 292.11 295.23 295.98 296.46 292.95 284.36 269.26 262.49 246.95
  130   18 252.15 275.26 286.43 293.92 296.84 298.07 298.47 294.87 286.18 269.34 261.07 247.80
  130   19 249.62 275.74 287.29 294.88 297.69 299.02 299.26 295.49 286.81 268.30 260.71 247.76
 20 10102 120
  130    1 253.34 247.49 244.98 242.56 240.24 238.72 238.58 235.14 230.79 221.47 214.43 201.73
  130    2 239.82 232.42 222.21 215.95 213.41 212.28 214.23 216.02 215.17 215.18 212.57 206.22
  130    3 239.71 230.20 216.80 209.36 207.41 209.57 207.78 204.44 205.96 213.66 214.67 208.51
  130    4 235.78 227.56 211.90 201.28 194.19 191.54 192.12 195.59 203.26 213.97 214.93 210.33
  130    5 234.01 226.98 211.16 203.06 195.96 193.59 194.27 198.26 206.07 215.58 218.92 213.07
  130    6 231.71 226.18 212.89 207.71 204.84 203.61 204.25 206.52 209.69 218.03 218.95 214.78
  130    7 230.67 226.75 215.82 215.82 217.48 217.98 218.13 216.51 213.54 218.37 219.72 216.94
  130    8 226.90 223.70 223.64 228.26 231.30 232.69 232.66 229.63 223.11 218.15 218.10 214.60
  130    9 224.56 226.80 235.92 241.73 245.23 246.36 246.38 242.88 235.52 224.43 219.97 214.35
  130   10 225.64 236.28 247.30 253.10 256.58 257.91 257.84 254.69 246.57 233.86 228.86 219.62
  130   11 231.26 246.88 258.69 264.46 267.57 267.98 268.06 265.78 256.88 243.42 238.80 227.67
  130   12 237.54 253.34 266.29 272.74 275.33 275.34 275.75 274.24 265.17 250.87 246.48 234.92
  130   13 243.87 260.90 273.51 279.71 281.96 282.44 282.85 280.82 272.09 257.49 253.08 241.19
  130   14 249.28 265.13 277.66 284.73 287.11 286.86 286.24 284.39 276.69 261.76 257.26 245.23
  130   15 252.93 269.84 280.39 287.49 290.33 291.24 290.70 287.71 279.03 265.35 261.29 248.14
  130   16 254.15 272.72 282.77 290.07 293.31 293.80 294.07 290.51 281.68 267.77 262.78 246.93
  130   17 253.57 274.32 284.81 292.21 295.26 295.91 296.42 292.95 284.37 269.18 262.36 246.98
  130   18 252.24 275.31 286.43 294.00 296.87 298.01 298.43 294.81 286.18 269.31 260.94 247.67
  130   19 249.60 275.74 287.26 294.93 297.78 298.94 299.20 295.42 286.76 268.19 260.75 247.63
 21 10102 200
  130    1 253.72 247.43 244.97 242.75 240.26 238.68 238.56 235.07 230.72 221.40 214.49 201.67
  130    2 240.24 232.32 222.19 216.17 213.48 212.22 214.20 215.89 215.08 215.14 212.67 206.10
  130    3 240.04 230.14 216.78 209.47 207.55 209.59 207.65 204.32 205.88 213.66 214.75 208.38
  130    4 236.05 227.53 211.88 201.33 194.28 191.64 191.98 195.52 203.23 213.97 214.99 210.20
  130    5 234.23 226.98 211.14 203.09 195.96 193.68 194.18 198.26 206.07 215.56 218.96 212.93
  130    6 231.89 226.21 212.87 207.76 204.83 203.64 204.23 206.49 209.68 218.02 218.98 214.68
  130    7 230.83 226.78 215.80 215.83 217.47 217.99 218.12 216.47 213.52 218.34 219.75 216.87
  130    8 227.03 223.73 223.61 228.23 231.34 232.69 232.61 229.58 223.04 218.07 218.11 214.55
  130    9 224.66 226.79 235.90 241.73 245.26 246.35 246.33 242.84 235.49 224.37 219.93 214.31
  130   10 225.73 236.25 247.29 253.12 256.58 257.91 257.79 254.64 246.53 233.80 228.80 219.59
  130   11 231.33 246.88 258.65 264.49 267.56 267.98 268.00 265.73 256.83 243.35 238.73 227.63
  130   12 237.61 253.35 266.26 272.78 275.34 275.34 275.69 274.20 265.13 250.79 246.40 234.87
  130   13 243.95 260.92 273.46 279.75 282.03 282.43 282.77 280.78 272.05 257.43 253.02 241.14
  130   14 249.36 265.16 277.59 284.79 287.16 286.86 286.17 284.35 276.66 261.71 257.20 245.17
  130   15 253.03 269.87 280.37 287.53 290.38 291.23 290.62 287.66 279.05 265.30 261.24 248.08
  130   16 254.26 272.75 282.77 290.15 293.33 293.79 293.98 290.47 281.69 267.77 262.73 246.89
  130   17 253.69 274.36 284.78 292.34 295.29 295.90 296.31 292.89 284.37 269.15 262.31 246.91
  130   18 252.37 275.36 286.36 294.14 296.96 297.99 298.30 294.70 286.18 269.25 260.98 247.52
  130   19 249.64 275.75 287.19 295.08 297.90 298.92 299.08 295.28 286.75 268.15 260.54 247.35
 22 10102 240
  130    1 254.18 247.34 244.91 242.91 240.36 238.75 238.42 234.93 230.66 221.44 214.59 201.48
  130    2 240.76 232.17 222.12 216.37 213.63 212.25 214.07 215.66 214.98 215.21 212.83 205.87
  130    3 240.45 230.03 216.74 209.58 207.75 209.67 207.46 204.11 205.78 213.74 214.88 208.16
  130    4 236.41 227.47 211.84 201.38 194.42 191.81 191.80 195.39 203.17 214.04 215.09 209.99
  130    5 234.52 226.95 211.12 203.11 196.01 193.77 194.07 198.22 206.04 215.60 219.04 212.71
  130    6 232.14 226.22 212.86 207.80 204.85 203.65 204.19 206.46 209.65 218.07 219.07 214.49
  130    7 231.04 226.79 215.78 215.85 217.45 217.99 218.09 216.43 213.49 218.36 219.83 216.70
  130    8 227.22 223.75 223.57 228.25 231.33 232.71 232.57 229.50 222.98 218.04 218.17 214.43
  130    9 224.80 226.77 235.89 241.77 245.25 246.38 246.28 242.76 235.46 224.33 219.92 214.21
  130   10 225.83 236.22 247.28 253.15 256.60 257.90 257.73 254.57 246.50 233.77 228.77 219.50
  130   11 231.41 246.85 258.62 264.51 267.59 267.97 267.93 265.67 256.79 243.32 238.70 227.56
  130   12 237.70 253.33 266.23 272.81 275.38 275.36 275.60 274.12 265.09 250.77 246.37 234.79
  130   13 244.04 260.92 273.41 279.80 282.04 282.47 282.64 280.71 272.02 257.41 253.00 241.04
  130   14 249.46 265.19 277.55 284.85 287.21 286.91 286.04 284.29 276.63 261.70 257.19 245.05
  130   15 253.13 269.91 280.33 287.61 290.41 291.26 290.51 287.62 279.07 265.31 261.22 247.94
  130   16 254.39 272.78 282.74 290.26 293.33 293.84 293.84 290.41 281.70 267.75 262.73 246.80
  130   17 253.82 274.38 284.76 292.46 295.26 295.97 296.17 292.77 284.36 269.17 262.28 246.75
  130   18 252.47 275.34 286.35 294.24 297.01 298.05 298.16 294.56 286.16 269.29 260.91 247.27
  130   19 249.70 275.72 287.18 295.18 297.95 298.97 298.93 295.14 286.74 268.23 260.49 247.04
 23 10102 320
  130    1 254.59 247.24 244.82 243.01 240.52 238.84 238.23 234.72 230.57 221.58 214.69 201.26
  130    2 241.21 232.02 222.03 216.50 213.86 212.33 213.88 215.36 214.87 215.40 213.00 205.61
  130    3 240.81 229.92 216.68 209.64 208.01 209.77 207.24 203.83 205.67 213.90 215.03 207.95
  130    4 236.72 227.39 211.80 201.41 194.62 191.99 191.60 195.23 203.10 214.17 215.21 209.80
  130    5 234.79 226.91 211.11 203.12 196.08 193.90 193.97 198.16 205.99 215.70 219.15 212.51
  130    6 232.35 226.21 212.85 207.82 204.88 203.69 204.17 206.40 209.60 218.16 219.17 214.32
  130    7 231.22 226.79 215.77 215.85 217.46 218.00 218.07 216.37 213.46 218.42 219.93 216.55
  130    8 227.37 223.76 223.55 228.21 231.36 232.73 232.53 229.43 222.90 218.04 218.26 214.31
  130    9 224.90 226.75 235.89 241.76 245.27 246.41 246.22 242.69 235.42 224.32 219.94 214.11
  130   10 225.90 236.18 247.28 253.16 256.59 257.94 257.65 254.49 246.46 233.76 228.77 219.42
  130   11 231.46 246.82 258.61 264.53 267.59 268.02 267.85 265.57 256.73 243.31 238.70 227.49
  130   12 237.75 253.32 266.24 272.84 275.41 275.41 275.52 274.03 265.03 250.77 246.37 234.71
  130   13 244.10 260.92 273.41 279.82 282.09 282.51 282.53 280.61 271.96 257.41 253.01 240.94
  130   14 249.52 265.20 277.54 284.88 287.25 287.00 285.99 284.20 276.56 261.71 257.21 244.95
  130   15 253.20 269.92 280.36 287.64 290.44 291.32 290.43 287.54 279.05 265.33 261.26 247.84
  130   16 254.47 272.79 282.77 290.38 293.38 293.90 293.73 290.34 281.66 267.80 262.73 246.70
  130   17 253.91 274.39 284.78 292.59 295.30 296.02 296.03 292.67 284.33 269.20 262.36 246.64
  130   18 252.54 275.34 286.37 294.32 297.08 298.12 298.01 294.42 286.11 269.37 260.91 247.04
  130   19 249.70 275.70 287.18 295.24 298.07 299.03 298.81 295.02 286.69 268.24 260.47 246.74
 24 10102 400
  130    1 254.83 247.20 244.75 243.06 240.70 238.96 238.05 234.53 230.50 221.77 214.75 201.07
  130    2 241.45 231.94 221.95 216.59 214.11 212.40 213.73 215.07 214.75 215.61 213.12 205.43
  130    3 240.99 229.84 216.64 209.68 208.30 209.83 207.10 203.56 205.55 214.08 215.13 207.82
  130    4 236.89 227.34 211.79 201.41 194.81 192.11 191.47 195.07 203.02 214.32 215.30 209.69
  130    5 234.92 226.89 211.13 203.09 196.14 193.98 193.87 198.10 205.94 215.83 219.23 212.40
  130    6 232.44 226.21 212.87 207.82 204.89 203.70 204.13 206.36 209.55 218.28 219.25 214.22
  130    7 231.30 226.79 215.78 215.85 217.42 218.00 218.04 216.33 213.41 218.51 220.02 216.48
  130    8 227.42 223.76 223.53 228.21 231.35 232.75 232.49 229.34 222.84 218.07 218.35 214.26
  130    9 224.92 226.73 235.91 241.77 245.27 246.42 246.16 242.60 235.39 224.32 219.97 214.06
  130   10 225.90 236.14 247.32 253.15 256.62 257.92 257.58 254.40 246.42 233.76 228.77 219.38
  130   11 231.46 246.78 258.64 264.53 267.62 268.00 267.78 265.48 256.66 243.32 238.70 227.47
  130   12 237.74 253.29 266.28 272.84 275.43 275.42 275.46 273.93 264.95 250.79 246.38 234.68
  130   13 244.09 260.90 273.44 279.82 282.13 282.53 282.47 280.51 271.88 257.44 253.02 240.91
  130   14 249.50 265.20 277.58 284.90 287.28 287.05 285.90 284.12 276.48 261.75 257.24 244.89
  130   15 253.19 269.92 280.42 287.67 290.46 291.35 290.35 287.47 279.01 265.41 261.26 247.78
  130   16 254.48 272.79 282.82 290.44 293.40 293.93 293.67 290.25 281.63 267.87 262.75 246.68
  130   17 253.92 274.37 284.83 292.66 295.28 296.08 295.96 292.55 284.26 269.30 262.37 246.57
  130   18 252.52 275.29 286.43 294.40 297.05 298.17 297.95 294.30 286.02 269.40 260.92 246.85
  130   19 249.59 275.65 287.26 295.26 298.10 299.06 298.76 294.93 286.61 268.31 260.50 246.55
 25 10102 440
  130    1 254.85 247.27 244.70 243.08 240.82 239.06 237.89 234.42 230.47 221.91 214.73 200.95
  130    2 241.44 231.95 221.90 216.68 214.29 212.43 213.61 214.85 214.69 215.79 213.15 205.33
  130    3 240.95 229.83 216.62 209.76 208.55 209.79 207.03 203.32 205.46 214.23 215.16 207.79
  130    4 236.87 227.34 211.78 201.44 195.02 192.18 191.38 194.92 202.95 214.45 215.32 209.69
  130    5 234.89 226.90 211.15 203.08 196.21 194.09 193.79 198.07 205.90 215.93 219.25 212.38
  130    6 232.39 226.24 212.89 207.84 204.88 203.74 204.10 206.33 209.51 218.39 219.26 214.20
  130    7 231.24 226.81 215.79 215.86 217.41 218.01 218.00 216.29 213.37 218.59 220.06 216.49
  130    8 227.34 223.78 223.52 228.18 231.35 232.73 232.47 229.28 222.76 218.07 218.40 214.30
  130    9 224.84 226.70 235.92 241.76 245.27 246.40 246.14 242.55 235.33 224.29 219.99 214.07
  130   10 225.84 236.12 247.36 253.16 256.62 257.93 257.56 254.33 246.38 233.75 228.75 219.40
  130   11 231.40 246.76 258.67 264.54 267.62 268.01 267.77 265.40 256.59 243.31 238.68 227.50
  130   12 237.68 253.30 266.34 272.84 275.44 275.43 275.47 273.85 264.87 250.79 246.35 234.71
  130   13 244.02 260.92 273.49 279.83 282.15 282.52 282.46 280.44 271.80 257.44 253.01 240.94
  130   14 249.42 265.22 277.64 284.92 287.28 287.07 285.93 284.03 276.38 261.77 257.22 244.92
  130   15 253.09 269.92 280.48 287.71 290.47 291.34 290.37 287.42 278.96 265.45 261.28 247.82
  130   16 254.38 272.79 282.86 290.56 293.41 293.94 293.67 290.20 281.56 267.91 262.73 246.75
  130   17 253.82 274.36 284.90 292.75 295.34 296.05 295.94 292.49 284.20 269.32 262.36 246.60
  130   18 252.41 275.29 286.50 294.45 297.08 298.13 297.95 294.26 285.94 269.44 260.93 246.74
  130   19 249.36 275.54 287.28 295.33 298.06 299.04 298.77 294.89 286.53 268.33 260.42 246.42
 26 10102 520
  130    1 254.73 247.37 244.66 243.10 240.88 239.12 237.73 234.34 230.47 221.97 214.68 200.89
  130    2 241.23 232.06 221.87 216.75 214.39 212.43 213.51 214.73 214.69 215.84 213.10 205.31
  130    3 240.73 229.89 216.61 209.83 208.71 209.70 207.01 203.19 205.45 214.28 215.10 207.84
  130    4 236.69 227.39 211.79 201.47 195.14 192.18 191.33 194.86 202.94 214.49 215.27 209.75
  130    5 234.72 226.96 211.19 203.05 196.26 194.12 193.72 198.06 205.89 215.98 219.19 212.43
  130    6 232.23 226.31 212.92 207.83 204.87 203.74 204.06 206.32 209.51 218.44 219.21 214.24
  130    7 231.07 226.87 215.80 215.84 217.34 218.01 217.96 216.28 213.34 218.61 220.03 216.57
  130    8 227.17 223.82 223.50 228.18 231.31 232.73 232.44 229.23 222.70 218.03 218.40 214.41
  130    9 224.69 226.68 235.94 241.77 245.20 246.38 246.12 242.50 235.30 224.24 219.99 214.16
  130   10 225.73 236.09 247.39 253.19 256.52 257.88 257.55 254.29 246.34 233.70 228.72 219.45
  130   11 231.30 246.73 258.69 264.58 267.50 267.96 267.77 265.36 256.52 243.26 238.62 227.56
  130   12 237.58 253.29 266.37 272.90 275.33 275.39 275.47 273.83 264.79 250.75 246.29 234.77
  130   13 243.90 260.93 273.53 279.85 282.07 282.47 282.46 280.41 271.72 257.41 252.96 241.01
  130   14 249.26 265.25 277.68 284.96 287.22 287.06 285.94 284.03 276.30 261.74 257.18 244.98
  130   15 252.93 269.95 280.54 287.74 290.42 291.29 290.39 287.41 278.90 265.44 261.22 247.89
  130   16 254.21 272.82 282.92 290.62 293.39 293.88 293.69 290.21 281.51 267.93 262.68 246.85
  130   17 253.67 274.37 284.97 292.82 295.31 296.01 295.99 292.48 284.13 269.32 262.32 246.66
  130   18 252.23 275.29 286.57 294.49 297.14 298.08 297.99 294.26 285.85 269.40 260.82 246.70
  130   19 249.13 275.53 287.34 295.33 298.11 298.99 298.84 294.91 286.53 268.34 260.41 246.36
 27 10102 600
  130    1 254.52 247.51 244.69 243.10 240.86 239.18 237.62 234.40 230.55 221.92 214.58 200.89
  130    2 240.94 232.19 221.90 216.82 214.37 212.40 213.45 214.75 214.80 215.76 213.00 205.35
  130    3 240.46 229.98 216.64 209.93 208.77 209.55 207.03 203.16 205.52 214.22 214.99 207.92
  130    4 236.46 227.45 211.81 201.52 195.22 192.15 191.32 194.85 202.98 214.44 215.18 209.84
  130    5 234.52 227.02 211.22 203.04 196.29 194.18 193.67 198.09 205.93 215.95 219.09 212.51
  130    6 232.04 226.37 212.94 207.84 204.85 203.76 204.05 206.33 209.55 218.42 219.11 214.30
  130    7 230.88 226.93 215.80 215.85 217.31 217.99 217.93 216.28 213.35 218.58 219.94 216.66
  130    8 226.97 223.86 223.48 228.15 231.29 232.69 232.43 229.20 222.66 217.95 218.35 214.54
  130    9 224.54 226.67 235.93 241.78 245.18 246.35 246.11 242.48 235.26 224.14 219.95 214.25
  130   10 225.63 236.08 247.40 253.19 256.51 257.84 257.53 254.27 246.33 233.62 228.67 219.53
  130   11 231.20 246.74 258.70 264.57 267.49 267.92 267.76 265.34 256.49 243.18 238.55 227.63
  130   12 237.46 253.32 266.40 272.89 275.34 275.35 275.47 273.82 264.76 250.67 246.22 234.85
  130   13 243.77 260.97 273.54 279.90 282.06 282.43 282.47 280.43 271.69 257.33 252.88 241.10
  130   14 249.11 265.29 277.71 285.00 287.21 287.03 285.97 284.04 276.25 261.68 257.10 245.08
  130   15 252.78 269.99 280.56 287.82 290.39 291.24 290.43 287.46 278.88 265.38 261.14 247.99
  130   16 254.04 272.84 282.94 290.75 293.36 293.83 293.74 290.27 281.51 267.87 262.59 246.97
  130   17 253.51 274.37 285.00 292.94 295.28 295.98 296.03 292.55 284.13 269.27 262.23 246.72
  130   18 252.04 275.32 286.58 294.58 297.07 298.05 298.05 294.31 285.87 269.30 260.73 246.68
  130   19 248.95 275.49 287.32 295.43 298.03 298.94 298.88 295.05 286.57 268.29 260.33 246.26
 28 10102 640
  130    1 254.36 247.61 244.76 243.05 240.76 239.23 237.55 234.56 230.66 221.80 214.49 200.94
  130    2 240.71 232.29 221.98 216.84 214.26 212.37 213.42 214.89 214.97 215.60 212.89 205.41
  130    3 240.23 230.04 216.69 210.01 208.76 209.39 207.09 203.22 205.66 214.09 214.87 208.00
  130    4 236.27 227.49 211.84 201.58 195.26 192.07 191.34 194.88 203.07 214.34 215.09 209.93
  130    5 234.36 227.04 211.26 203.02 196.32 194.21 193.64 198.12 206.01 215.88 218.99 212.58
  130    6 231.91 226.40 212.96 207.83 204.86 203.77 204.02 206.35 209.62 218.36 218.99 214.35
  130    7 230.75 226.96 215.81 215.82 217.30 217.99 217.91 216.30 213.39 218.50 219.83 216.72
  130    8 226.84 223.89 223.47 228.12 231.29 232.69 232.41 229.18 222.63 217.83 218.28 214.63
  130    9 224.46 226.65 235.92 241.78 245.15 246.34 246.09 242.47 235.25 224.03 219.91 214.34
  130   10 225.58 236.04 247.41 253.21 256.48 257.84 257.51 254.27 246.34 233.53 228.61 219.58
  130   11 231.16 246.70 258.67 264.61 267.44 267.93 267.74 265.36 256.49 243.08 238.48 227.70
  130   12 237.41 253.29 266.38 272.95 275.29 275.36 275.45 273.86 264.75 250.58 246.14 234.91
  130   13 243.69 260.96 273.53 279.93 282.01 282.42 282.46 280.48 271.69 257.23 252.81 241.16
  130   14 249.02 265.33 277.71 285.05 287.14 287.03 285.98 284.10 276.25 261.59 257.05 245.13
  130   15 252.67 270.02 280.58 287.86 290.36 291.20 290.46 287.52 278.89 265.31 261.05 248.06
  130   16 253.94 272.86 282.91 290.78 293.31 293.77 293.75 290.35 281.54 267.80 262.51 247.08
  130   17 253.42 274.39 284.98 293.03 295.22 295.95 296.07 292.64 284.13 269.13 262.16 246.78
  130   18 251.92 275.32 286.56 294.65 297.03 298.02 298.07 294.41 285.95 269.15 260.63 246.61
  130   19 248.87 275.54 287.31 295.51 298.02 298.89 298.91 295.20 286.67 268.30 260.25 246.12
 29 10102 720
  130    1 254.27 247.66 244.87 242.96 240.64 239.22 237.53 234.73 230.75 221.67 214.41 201.02
  130    2 240.57 232.32 222.10 216.79 214.12 212.30 213.45 215.08 215.13 215.42 212.80 205.49
  130    3 240.11 230.04 216.78 210.03 208.71 209.21 207.20 203.34 205.80 213.95 214.78 208.07
  130    4 236.19 227.47 211.90 201.60 195.27 191.99 191.39 194.95 203.16 214.22 215.01 210.00
  130    5 234.30 227.02 211.29 202.99 196.36 194.25 193.62 198.17 206.09 215.79 218.91 212.62
  130    6 231.89 226.38 212.98 207.82 204.84 203.80 204.02 206.38 209.70 218.29 218.90 214.37
  130    7 230.74 226.95 215.80 215.81 217.23 217.97 217.89 216.32 213.43 218.43 219.73 216.74
  130    8 226.82 223.87 223.43 228.07 231.25 232.67 232.40 229.19 222.62 217.73 218.22 214.68
  130    9 224.47 226.61 235.89 241.77 245.09 246.34 246.08 242.48 235.24 223.92 219.86 214.37
  130   10 225.62 236.01 247.39 253.18 256.39 257.86 257.48 254.28 246.37 233.43 228.55 219.61
  130   11 231.17 246.68 258.64 264.58 267.34 267.95 267.71 265.37 256.52 242.99 238.41 227.72
  130   12 237.41 253.29 266.36 272.92 275.20 275.39 275.44 273.89 264.78 250.48 246.07 234.94
  130   13 243.68 260.96 273.50 279.92 281.94 282.43 282.44 280.52 271.72 257.14 252.74 241.20
  130   14 249.00 265.33 277.69 285.03 287.11 287.07 285.97 284.14 276.27 261.49 256.97 245.17
  130   15 252.66 270.01 280.57 287.88 290.31 291.22 290.47 287.57 278.94 265.22 260.98 248.10
  130   16 253.91 272.85 282.89 290.85 293.26 293.77 293.78 290.42 281.61 267.71 262.42 247.16
  130   17 253.40 274.36 284.97 293.07 295.16 295.92 296.09 292.74 284.21 269.03 262.08 246.82
  130   18 251.85 275.31 286.56 294.67 297.01 298.00 298.09 294.52 286.04 269.03 260.57 246.50
  130   19 248.93 275.48 287.29 295.59 298.09 298.94 298.91 295.43 286.85 268.30 260.14 245.93
 30 10102 800
  130    1 254.26 247.66 244.98 242.84 240.49 239.22 237.60 234.94 230.80 221.59 214.34 201.09
  130    2 240.54 232.29 222.22 216.71 213.93 212.24 213.56 215.30 215.23 215.30 212.75 205.52
  130    3 240.10 230.00 216.86 210.03 208.62 209.04 207.37 203.48 205.89 213.86 214.72 208.08
  130    4 236.21 227.41 211.95 201.62 195.28 191.91 191.49 195.03 203.23 214.15 214.97 210.01
  130    5 234.34 226.96 211.32 202.96 196.38 194.27 193.61 198.22 206.14 215.75 218.86 212.61
  130    6 231.95 226.34 212.99 207.78 204.83 203.79 204.00 206.41 209.76 218.27 218.83 214.35
  130    7 230.81 226.91 215.80 215.76 217.21 217.95 217.86 216.35 213.47 218.42 219.66 216.72
  130    8 226.89 223.85 223.40 228.02 231.23 232.66 232.38 229.18 222.62 217.66 218.17 214.67
  130    9 224.55 226.57 235.85 241.73 245.07 246.33 246.06 242.47 235.25 223.85 219.82 214.36
  130   10 225.70 235.95 247.36 253.17 256.38 257.84 257.46 254.29 246.40 233.36 228.51 219.59
  130   11 231.24 246.62 258.59 264.56 267.34 267.94 267.70 265.39 256.54 242.92 238.36 227.72
  130   12 237.47 253.24 266.31 272.90 275.22 275.39 275.43 273.93 264.80 250.43 246.02 234.93
  130   13 243.74 260.93 273.45 279.89 281.94 282.42 282.44 280.57 271.76 257.10 252.69 241.19
  130   14 249.06 265.33 277.66 285.01 287.12 287.10 285.98 284.18 276.31 261.46 256.93 245.15
  130   15 252.71 269.99 280.54 287.85 290.33 291.22 290.48 287.62 278.98 265.22 260.92 248.07
  130   16 253.97 272.82 282.85 290.77 293.26 293.76 293.77 290.48 281.65 267.68 262.35 247.18
  130   17 253.48 274.33 284.94 293.06 295.16 295.94 296.11 292.80 284.25 268.98 262.00 246.80
  130   18 251.88 275.30 286.52 294.64 297.09 298.00 298.11 294.65 286.11 268.98 260.54 246.36
  130   19 249.04 275.43 287.23 295.57 298.13 299.01 298.97 295.66 287.04 268.33 260.13 245.71
 31 10102 840
  130    1 254.30 247.66 245.05 242.72 240.35 239.22 237.72 235.13 230.77 221.58 214.30 201.11
  130    2 240.56 232.26 222.31 216.61 213.72 212.19 213.73 215.51 215.23 215.27 212.73 205.48
  130    3 240.14 229.94 216.92 210.01 208.48 208.87 207.60 203.63 205.92 213.83 214.70 208.02
  130    4 236.27 227.34 211.98 201.66 195.26 191.80 191.64 195.12 203.25 214.14 214.96 209.95
  130    5 234.42 226.90 211.33 202.93 196.43 194.30 193.62 198.27 206.16 215.76 218.85 212.54
  130    6 232.05 226.30 212.97 207.75 204.81 203.82 204.00 206.44 209.78 218.31 218.79 214.27
  130    7 230.91 226.86 215.78 215.71 217.15 217.93 217.85 216.37 213.50 218.46 219.61 216.63
  130    8 226.99 223.81 223.35 227.95 231.19 232.66 232.37 229.18 222.62 217.64 218.14 214.60
  130    9 224.64 226.52 235.79 241.69 245.03 246.35 246.05 242.48 235.25 223.80 219.79 214.29
  130   10 225.81 235.91 247.33 253.09 256.34 257.90 257.43 254.28 246.43 233.33 228.47 219.54
  130   11 231.33 246.60 258.53 264.46 267.30 268.00 267.66 265.38 256.57 242.90 238.32 227.68
  130   12 237.55 253.24 266.26 272.79 275.20 275.45 275.42 273.94 264.83 250.43 245.97 234.88
  130   13 243.81 260.92 273.39 279.80 281.97 282.47 282.43 280.58 271.79 257.11 252.65 241.14
  130   14 249.14 265.32 277.61 284.93 287.11 287.14 285.98 284.17 276.31 261.46 256.89 245.10
  130   15 252.81 269.98 280.47 287.80 290.33 291.27 290.51 287.64 279.01 265.25 260.89 248.02
  130   16 254.06 272.79 282.77 290.77 293.25 293.80 293.83 290.50 281.72 267.72 262.28 247.16
  130   17 253.57 274.30 284.90 292.99 295.25 295.94 296.14 292.85 284.28 269.00 261.91 246.74
  130   18 251.94 275.26 286.45 294.58 297.14 298.04 298.16 294.76 286.25 269.02 260.42 246.17
  130   19 249.15 275.34 287.14 295.56 298.22 299.06 299.06 295.81 287.15 268.40 260.23 245.51
 32 10102 920
  130    1 254.31 247.64 245.06 242.61 240.19 239.17 237.87 235.26 230.72 221.60 214.27 201.07
  130    2 240.56 232.22 222.32 216.54 213.50 212.12 213.94 215.66 215.18 215.30 212.75 205.37
  130    3 240.15 229.89 216.93 210.02 208.33 208.72 207.87 203.75 205.88 213.86 214.73 207.88
  130    4 236.31 227.27 211.97 201.70 195.24 191.73 191.80 195.19 203.21 214.17 214.99 209.82
  130    5 234.50 226.85 211.31 202.90 196.44 194.30 193.64 198.31 206.14 215.82 218.87 212.41
  130    6 232.12 226.27 212.94 207.70 204.79 203.81 204.00 206.46 209.78 218.39 218.79 214.15
  130    7 230.99 226.82 215.75 215.65 217.11 217.92 217.83 216.38 213.50 218.55 219.58 216.50
  130    8 227.07 223.79 223.30 227.89 231.15 232.64 232.36 229.16 222.62 217.66 218.15 214.49
  130    9 224.71 226.47 235.73 241.64 244.98 246.36 246.05 242.45 235.26 223.80 219.78 214.20
  130   10 225.89 235.86 247.27 253.06 256.27 257.91 257.43 254.26 246.46 233.33 228.45 219.47
  130   11 231.42 246.55 258.44 264.43 267.23 268.03 267.68 265.35 256.59 242.92 238.28 227.62
  130   12 237.64 253.21 266.17 272.76 275.14 275.50 275.44 273.93 264.84 250.46 245.93 234.81
  130   13 243.89 260.90 273.29 279.75 281.90 282.52 282.46 280.56 271.80 257.16 252.61 241.07
  130   14 249.21 265.32 277.52 284.87 287.08 287.20 286.05 284.14 276.31 261.56 256.86 245.01
  130   15 252.87 269.98 280.39 287.75 290.32 291.30 290.54 287.67 279.02 265.31 260.85 247.92
  130   16 254.13 272.78 282.68 290.70 293.22 293.86 293.85 290.52 281.74 267.81 262.26 247.10
  130   17 253.63 274.29 284.85 292.93 295.26 296.04 296.18 292.92 284.32 269.07 261.93 246.64
  130   18 251.97 275.24 286.37 294.55 297.20 298.11 298.18 294.88 286.31 269.07 260.38 245.93
  130   19 249.22 275.31 287.02 295.52 298.26 299.12 299.17 295.94 287.25 268.53 260.20 245.21
 33 10102 1000
  130    1 254.30 247.63 245.01 242.53 240.08 239.15 238.04 235.36 230.68 221.64 214.29 200.98
  130    2 240.52 232.19 222.29 216.48 213.32 212.07 214.14 215.78 215.12 215.34 212.80 205.21
  130    3 240.10 229.85 216.92 210.04 208.18 208.58 208.12 203.84 205.84 213.90 214.78 207.71
  130    4 236.29 227.22 211.95 201.75 195.22 191.63 191.97 195.25 203.18 214.22 215.04 209.66
  130    5 234.50 226.82 211.28 202.88 196.49 194.31 193.67 198.35 206.12 215.88 218.91 212.26
  130    6 232.12 226.25 212.89 207.66 204.79 203.82 204.00 206.47 209.77 218.48 218.80 214.01
  130    7 230.99 226.80 215.71 215.60 217.07 217.89 217.82 216.39 213.51 218.64 219.58 216.35
  130    8 227.08 223.77 223.23 227.82 231.11 232.62 232.36 229.14 222.61 217.70 218.17 214.38
  130    9 224.71 226.43 235.66 241.60 244.91 246.37 246.04 242.44 235.25 223.80 219.78 214.10
  130   10 225.91 235.82 247.21 253.00 256.19 257.97 257.41 254.23 246.48 233.34 228.43 219.38
  130   11 231.46 246.52 258.36 264.35 267.13 268.09 267.65 265.33 256.61 242.94 238.25 227.55
  130   12 237.67 253.21 266.09 272.69 275.06 275.57 275.43 273.90 264.84 250.51 245.92 234.74
  130   13 243.90 260.89 273.20 279.69 281.86 282.57 282.45 280.54 271.80 257.22 252.61 240.98
  130   14 249.22 265.34 277.43 284.81 287.03 287.24 286.04 284.12 276.29 261.61 256.86 244.91
  130   15 252.89 269.98 280.29 287.71 290.32 291.36 290.58 287.66 279.02 265.40 260.84 247.82
  130   16 254.15 272.75 282.58 290.69 293.23 293.91 293.87 290.52 281.76 267.91 262.21 247.03
  130   17 253.65 274.30 284.78 292.89 295.29 296.05 296.20 292.96 284.39 269.16 261.89 246.54
  130   18 251.96 275.19 286.29 294.54 297.24 298.16 298.28 294.97 286.35 269.12 260.38 245.70
  130   19 249.17 275.29 286.93 295.49 298.28 299.17 299.39 296.09 287.34 268.66 260.10 244.91
 34 10102 1040
  130    1 254.27 247.63 244.92 242.44 240.05 239.15 238.15 235.42 230.68 221.66 214.32 200.92
  130    2 240.44 232.15 222.23 216.40 213.19 212.06 214.29 215.86 215.10 215.36 212.88 205.08
  130    3 240.01 229.81 216.90 210.03 208.04 208.46 208.34 203.93 205.81 213.92 214.86 207.58
  130    4 236.21 227.18 211.92 201.80 195.20 191.53 192.13 195.32 203.15 214.25 215.12 209.53
  130    5 234.44 226.79 211.25 202.88 196.53 194.29 193.70 198.39 206.09 215.92 218.98 212.13
  130    6 232.06 226.23 212.85 207.62 204.78 203.83 204.00 206.48 209.76 218.54 218.85 213.90
  130    7 230.91 226.79 215.67 215.54 217.02 217.88 217.80 216.39 213.52 218.71 219.60 216.24
  130    8 227.00 223.76 223.18 227.76 231.08 232.63 232.34 229.14 222.59 217.72 218.21 214.30
  130    9 224.65 226.39 235.62 241.56 244.87 246.40 246.02 242.42 235.27 223.80 219.79 214.04
  130   10 225.88 235.77 247.17 252.96 256.11 258.00 257.40 254.22 246.52 233.34 228.42 219.33
  130   11 231.44 246.48 258.28 264.33 267.04 268.14 267.67 265.30 256.64 242.97 238.24 227.51
  130   12 237.66 253.19 266.01 272.66 274.99 275.64 275.45 273.89 264.87 250.54 245.91 234.69
  130   13 243.87 260.89 273.11 279.65 281.79 282.60 282.50 280.51 271.83 257.27 252.60 240.93
  130   14 249.17 265.33 277.35 284.77 286.99 287.28 286.09 284.10 276.28 261.68 256.87 244.85
  130   15 252.84 269.96 280.24 287.69 290.29 291.40 290.60 287.67 279.04 265.48 260.83 247.74
  130   16 254.09 272.74 282.52 290.64 293.21 293.99 293.86 290.55 281.81 268.00 262.21 247.00
  130   17 253.58 274.28 284.71 292.90 295.28 296.10 296.22 293.02 284.46 269.19 261.88 246.45
  130   18 251.91 275.14 286.25 294.53 297.25 298.16 298.41 295.07 286.43 269.14 260.40 245.48
  130   19 249.07 275.27 286.86 295.47 298.30 299.13 299.54 296.22 287.46 268.65 260.17 244.63
 35 10102 1120
  130    1 254.27 247.59 244.81 242.34 240.03 239.15 238.21 235.45 230.71 221.66 214.36 200.89
  130    2 240.40 232.10 222.16 216.32 213.11 212.05 214.36 215.92 215.13 215.36 212.95 205.03
  130    3 239.91 229.77 216.88 210.02 207.95 208.37 208.49 204.01 205.81 213.91 214.93 207.54
  130    4 236.11 227.14 211.90 201.84 195.22 191.45 192.23 195.38 203.14 214.25 215.19 209.49
  130    5 234.35 226.76 211.22 202.87 196.59 194.28 193.72 198.43 206.08 215.93 219.04 212.09
  130    6 231.96 226.22 212.81 207.58 204.78 203.83 204.01 206.49 209.77 218.56 218.90 213.86
  130    7 230.78 226.77 215.64 215.50 217.00 217.84 217.80 216.40 213.53 218.72 219.64 216.21
  130    8 226.88 223.73 223.12 227.71 231.06 232.60 232.33 229.13 222.58 217.71 218.25 214.31
  130    9 224.54 226.33 235.57 241.54 244.81 246.40 246.01 242.43 235.26 223.78 219.79 214.03
  130   10 225.81 235.72 247.14 252.93 256.06 258.05 257.38 254.21 246.55 233.33 228.41 219.33
  130   11 231.39 246.44 258.24 264.29 266.99 268.22 267.64 265.29 256.69 242.96 238.22 227.52
  130   12 237.59 253.17 265.97 272.62 274.96 275.70 275.43 273.89 264.91 250.56 245.90 234.69
  130   13 243.79 260.86 273.07 279.62 281.76 282.63 282.48 280.51 271.87 257.29 252.59 240.93
  130   14 249.08 265.33 277.31 284.75 286.96 287.30 286.10 284.10 276.30 261.69 256.88 244.85
  130   15 252.75 269.95 280.19 287.68 290.29 291.41 290.62 287.70 279.07 265.50 260.84 247.73
  130   16 254.01 272.70 282.47 290.63 293.22 294.02 293.88 290.59 281.87 268.02 262.20 247.02
  130   17 253.49 274.25 284.69 292.87 295.28 296.09 296.28 293.04 284.50 269.17 261.90 246.44
  130   18 251.80 275.09 286.25 294.47 297.27 298.15 298.52 295.18 286.49 269.16 260.39 245.35
  130   19 248.93 275.25 286.86 295.40 298.27 299.13 299.68 296.39 287.63 268.67 260.13 244.47
 36 10102 1200
  130    1 254.33 247.55 244.69 242.27 240.09 239.19 238.20 235.48 230.78 221.67 214.39 200.92
  130    2 240.41 232.04 222.08 216.23 213.09 212.10 214.35 215.98 215.18 215.36 213.00 205.09
  130    3 239.84 229.73 216.87 209.98 207.89 208.31 208.57 204.10 205.83 213.90 214.98 207.60
  130    4 236.02 227.10 211.90 201.86 195.24 191.40 192.30 195.44 203.14 214.24 215.24 209.54
  130    5 234.26 226.73 211.20 202.87 196.64 194.28 193.73 198.47 206.08 215.92 219.09 212.14
  130    6 231.88 226.20 212.79 207.56 204.78 203.83 204.00 206.51 209.78 218.55 218.95 213.91
  130    7 230.65 226.75 215.62 215.44 216.98 217.83 217.78 216.41 213.55 218.70 219.67 216.29
  130    8 226.74 223.71 223.09 227.66 231.06 232.59 232.31 229.13 222.56 217.68 218.28 214.43
  130    9 224.43 226.28 235.55 241.51 244.81 246.39 245.98 242.43 235.28 223.75 219.78 214.11
  130   10 225.73 235.67 247.13 252.90 256.04 258.00 257.35 254.22 246.60 233.30 228.39 219.38
  130   11 231.30 246.39 258.22 264.25 266.98 268.17 267.63 265.29 256.74 242.94 238.21 227.59
  130   12 237.52 253.14 265.96 272.58 274.95 275.67 275.44 273.91 264.95 250.54 245.90 234.77
  130   13 243.71 260.84 273.06 279.58 281.73 282.64 282.48 280.53 271.91 257.28 252.60 241.03
  130   14 248.99 265.32 277.31 284.71 286.94 287.31 286.12 284.12 276.33 261.69 256.90 244.94
  130   15 252.66 269.91 280.18 287.66 290.24 291.40 290.62 287.75 279.12 265.50 260.85 247.81
  130   16 253.90 272.66 282.46 290.62 293.20 293.97 293.87 290.67 281.95 268.01 262.20 247.14
  130   17 253.41 274.23 284.68 292.87 295.25 296.08 296.34 293.12 284.56 269.14 261.92 246.50
  130   18 251.69 275.03 286.24 294.48 297.22 298.14 298.63 295.32 286.59 269.12 260.36 245.28
  130   19 248.84 275.24 286.91 295.40 298.24 299.16 299.75 296.54 287.73 268.55 260.13 244.42
