#0
# nlon  nlat head8 filename
    96    48     0 SUN_T30L19_V4.3.23a.srp
#3
# zonal average: 
# code level -80    -60    -45    -30    -20    -10     10     20     30     45     60     80
 1 10101 1230
  130    1 253.22 246.86 244.78 242.11 240.98 239.51 237.92 234.19 230.69 221.93 212.76 201.03
  130    2 240.28 231.93 222.70 215.59 214.31 212.74 213.73 215.58 215.17 216.01 211.78 205.85
  130    3 240.07 229.98 217.53 209.27 208.00 209.36 207.47 203.49 206.03 213.67 214.20 208.92
  130    4 235.25 227.24 212.60 199.62 195.25 191.19 191.95 195.65 204.13 214.17 214.56 210.46
  130    5 233.69 226.63 211.90 201.17 196.68 193.79 194.18 198.50 206.87 215.78 218.28 213.79
  130    6 231.81 225.63 213.50 206.95 204.97 203.93 203.88 206.86 210.41 217.60 217.89 214.91
  130    7 230.42 226.25 216.19 216.44 217.70 218.07 217.44 216.29 214.19 218.33 218.98 216.51
  130    8 226.60 223.67 223.67 229.39 231.44 232.99 232.69 229.00 222.91 219.11 216.63 214.44
  130    9 224.73 227.43 235.65 242.89 245.55 246.81 246.51 242.40 234.31 224.80 220.10 215.13
  130   10 226.04 237.08 246.96 254.40 256.88 258.44 257.90 254.24 245.32 234.05 229.50 220.08
  130   11 231.86 247.55 258.56 265.69 267.65 268.51 268.12 265.27 255.62 243.98 239.24 227.95
  130   12 238.05 253.82 265.75 273.83 275.25 275.76 275.54 273.47 263.73 251.45 246.80 235.20
  130   13 244.67 261.03 273.01 280.92 282.17 282.78 282.99 280.25 270.32 258.24 253.04 241.38
  130   14 249.80 264.62 277.37 285.90 286.94 286.22 285.67 284.09 275.06 261.96 256.54 245.63
  130   15 253.80 269.88 279.78 288.32 290.49 290.92 290.36 286.15 276.88 265.45 260.70 248.24
  130   16 254.93 272.88 281.38 291.16 293.25 293.52 293.96 288.82 279.22 267.50 262.32 246.18
  130   17 254.84 274.64 283.46 293.68 295.58 296.10 296.66 291.33 281.73 268.94 261.28 245.79
  130   18 253.54 275.29 285.00 295.40 297.31 297.89 298.74 293.44 283.49 269.54 259.44 244.87
  130   19 252.96 275.96 285.86 296.19 298.21 298.94 299.90 294.58 284.40 270.43 259.24 247.43
 2 10101 1300
  130    1 253.48 246.79 244.73 242.10 240.99 239.44 237.86 234.14 230.78 221.92 212.75 200.97
  130    2 240.63 231.81 222.66 215.59 214.29 212.70 213.66 215.50 215.30 216.03 211.76 205.76
  130    3 240.41 229.87 217.51 209.27 207.99 209.31 207.42 203.43 206.14 213.73 214.20 208.72
  130    4 235.62 227.14 212.57 199.62 195.24 191.13 191.96 195.63 204.14 214.23 214.56 210.24
  130    5 233.99 226.49 211.84 201.15 196.65 193.75 194.16 198.52 206.85 215.86 218.34 213.56
  130    6 232.02 225.50 213.47 206.91 204.93 203.90 203.86 206.86 210.43 217.69 217.98 214.67
  130    7 230.61 226.13 216.15 216.41 217.65 218.01 217.46 216.33 214.16 218.34 219.00 216.27
  130    8 226.77 223.56 223.62 229.36 231.41 232.93 232.66 229.07 222.87 219.07 216.61 214.21
  130    9 224.91 227.33 235.59 242.88 245.51 246.81 246.52 242.42 234.32 224.84 220.04 214.90
  130   10 226.28 236.97 246.92 254.41 256.84 258.54 257.97 254.24 245.36 234.16 229.47 219.85
  130   11 232.17 247.45 258.51 265.73 267.63 268.66 268.25 265.25 255.68 244.05 239.25 227.76
  130   12 238.37 253.73 265.73 273.89 275.28 275.90 275.71 273.48 263.85 251.53 246.87 235.05
  130   13 244.96 260.94 272.99 280.96 282.25 283.02 283.08 280.22 270.52 258.29 253.15 241.27
  130   14 250.04 264.71 277.37 285.98 287.04 286.66 286.00 284.09 275.27 262.15 256.79 245.54
  130   15 253.96 269.81 279.80 288.43 290.56 291.07 290.54 286.23 277.15 265.57 260.93 248.18
  130   16 255.05 272.84 281.46 291.27 293.42 293.78 294.05 288.79 279.55 267.63 262.54 246.15
  130   17 255.01 274.53 283.48 293.78 295.77 296.23 296.64 291.22 281.94 268.99 261.40 245.80
  130   18 253.72 275.20 285.03 295.42 297.39 297.98 298.66 293.39 283.73 269.65 259.51 245.29
  130   19 253.12 275.88 285.88 296.22 298.28 299.09 299.83 294.59 284.73 270.58 259.43 248.19
 3 10101 1330
  130    1 253.89 246.74 244.69 242.11 241.00 239.40 237.79 234.10 230.84 221.97 212.73 200.98
  130    2 241.11 231.72 222.61 215.57 214.30 212.68 213.59 215.43 215.38 216.05 211.74 205.74
  130    3 240.91 229.76 217.48 209.28 207.99 209.25 207.35 203.38 206.23 213.76 214.22 208.60
  130    4 236.13 227.02 212.53 199.67 195.25 191.09 191.94 195.54 204.22 214.24 214.59 210.13
  130    5 234.46 226.38 211.79 201.17 196.68 193.80 194.18 198.44 206.94 215.86 218.36 213.40
  130    6 232.47 225.41 213.43 206.91 204.97 203.97 203.88 206.78 210.54 217.71 218.00 214.51
  130    7 231.08 226.03 216.12 216.41 217.66 218.05 217.46 216.26 214.30 218.37 219.05 216.11
  130    8 227.18 223.45 223.59 229.37 231.38 233.00 232.62 229.02 223.03 219.09 216.72 214.09
  130    9 225.16 227.22 235.57 242.89 245.48 246.88 246.44 242.34 234.49 224.85 220.09 214.84
  130   10 226.44 236.86 246.88 254.38 256.81 258.67 257.86 254.14 245.54 234.17 229.49 219.82
  130   11 232.22 247.33 258.45 265.69 267.62 268.80 268.13 265.13 255.85 244.03 239.26 227.74
  130   12 238.38 253.61 265.67 273.84 275.24 276.05 275.54 273.34 264.02 251.49 246.88 235.02
  130   13 244.98 260.79 272.93 280.93 282.24 283.04 282.97 280.06 270.69 258.24 253.17 241.23
  130   14 250.09 264.59 277.28 285.93 287.08 286.73 285.81 283.94 275.44 262.09 256.80 245.49
  130   15 254.04 269.71 279.73 288.41 290.55 291.14 290.40 286.06 277.34 265.55 260.95 248.08
  130   16 255.19 272.70 281.35 291.23 293.46 293.73 293.95 288.72 279.72 267.58 262.52 246.20
  130   17 255.16 274.39 283.42 293.64 295.64 296.13 296.56 291.18 282.17 268.93 261.38 245.98
  130   18 253.91 275.10 284.97 295.33 297.32 297.93 298.64 293.30 283.91 269.66 259.68 247.12
  130   19 253.22 275.81 285.86 296.21 298.28 299.10 299.81 294.44 284.39 269.79 259.20 247.28
 4 10101 1400
  130    1 254.00 246.85 244.68 242.10 240.97 239.37 237.69 234.13 230.83 222.07 212.66 201.19
  130    2 241.25 231.84 222.60 215.55 214.27 212.68 213.48 215.46 215.36 216.11 211.63 205.99
  130    3 241.18 229.85 217.48 209.27 207.96 209.21 207.25 203.43 206.19 213.81 214.13 208.70
  130    4 236.48 227.10 212.54 199.68 195.22 191.06 191.87 195.57 204.17 214.28 214.51 210.18
  130    5 234.88 226.43 211.79 201.16 196.67 193.87 194.13 198.47 206.90 215.91 218.29 213.37
  130    6 232.94 225.46 213.44 206.86 204.98 203.99 203.84 206.82 210.53 217.79 217.93 214.42
  130    7 231.66 226.05 216.12 216.36 217.68 218.04 217.44 216.34 214.26 218.45 218.98 215.98
  130    8 227.77 223.44 223.58 229.31 231.41 232.98 232.56 229.09 223.03 219.15 216.69 213.94
  130    9 225.68 227.21 235.55 242.84 245.53 246.92 246.38 242.38 234.51 224.92 219.99 214.67
  130   10 226.91 236.84 246.84 254.34 256.91 258.73 257.78 254.17 245.58 234.28 229.39 219.65
  130   11 232.63 247.31 258.38 265.67 267.76 268.87 268.08 265.15 255.89 244.14 239.17 227.57
  130   12 238.82 253.57 265.61 273.84 275.40 276.15 275.54 273.37 264.07 251.60 246.81 234.84
  130   13 245.50 260.74 272.85 280.90 282.28 283.17 282.91 280.08 270.78 258.32 253.13 241.02
  130   14 250.68 264.63 277.20 285.91 287.20 286.88 285.85 283.92 275.51 262.23 256.84 245.28
  130   15 254.70 269.63 279.66 288.44 290.60 291.19 290.41 286.18 277.49 265.64 260.93 247.89
  130   16 255.86 272.68 281.33 291.26 293.64 293.79 293.93 288.80 279.87 267.73 262.46 245.99
  130   17 255.86 274.30 283.38 293.66 295.65 296.15 296.53 291.26 282.27 269.12 261.28 245.99
  130   18 254.57 275.06 284.93 295.36 297.37 298.03 298.66 293.37 284.02 269.83 259.66 247.06
  130   19 253.80 275.77 285.83 296.30 298.42 299.31 299.85 294.53 284.37 269.83 259.13 246.97
 5 10101 1430
  130    1 253.73 247.03 244.66 242.11 240.95 239.36 237.66 234.24 230.78 222.26 212.64 201.40
  130    2 240.92 232.04 222.55 215.52 214.23 212.67 213.43 215.56 215.27 216.21 211.58 206.25
  130    3 240.97 230.01 217.45 209.25 207.93 209.16 207.18 203.56 206.15 213.90 214.10 208.87
  130    4 236.35 227.24 212.51 199.71 195.22 191.02 191.85 195.62 204.13 214.31 214.49 210.31
  130    5 234.87 226.56 211.74 201.20 196.71 193.81 194.13 198.48 206.85 215.94 218.26 213.44
  130    6 233.05 225.56 213.41 206.87 205.03 203.96 203.84 206.82 210.47 217.82 217.84 214.47
  130    7 231.89 226.13 216.08 216.35 217.72 218.06 217.44 216.34 214.21 218.49 218.92 216.04
  130    8 228.09 223.45 223.54 229.34 231.44 232.99 232.52 229.09 223.02 219.20 216.71 213.94
  130    9 225.98 227.17 235.51 242.87 245.52 246.86 246.30 242.37 234.54 224.99 219.92 214.58
  130   10 227.22 236.78 246.82 254.32 256.94 258.65 257.67 254.19 245.63 234.32 229.29 219.54
  130   11 232.91 247.28 258.32 265.63 267.81 268.79 267.94 265.16 255.93 244.16 239.09 227.49
  130   12 239.11 253.55 265.55 273.79 275.44 276.06 275.38 273.38 264.10 251.62 246.73 234.77
  130   13 245.81 260.73 272.79 280.88 282.30 283.14 282.79 280.08 270.82 258.33 253.03 240.95
  130   14 251.03 264.67 277.13 285.87 287.27 286.89 285.70 283.93 275.54 262.24 256.71 245.20
  130   15 255.06 269.64 279.59 288.42 290.64 291.28 290.29 286.22 277.50 265.68 260.80 247.77
  130   16 256.27 272.64 281.25 291.20 293.53 293.86 293.83 288.89 279.92 267.73 262.30 246.00
  130   17 256.26 274.27 283.33 293.58 295.62 296.15 296.48 291.37 282.32 269.15 261.09 246.08
  130   18 254.95 275.08 284.91 295.35 297.41 298.17 298.69 293.51 283.95 269.83 259.44 247.29
  130   19 254.09 275.81 285.83 296.30 298.44 299.30 299.83 294.62 284.38 269.72 258.66 248.30
 6 10101 1500
  130    1 253.18 247.15 244.60 242.07 240.87 239.32 237.68 234.30 230.68 222.41 212.74 201.63
  130    2 240.20 232.19 222.48 215.47 214.13 212.63 213.48 215.66 215.16 216.28 211.68 206.56
  130    3 240.32 230.16 217.40 209.22 207.85 209.08 207.22 203.68 206.07 213.96 214.17 209.11
  130    4 235.75 227.41 212.48 199.71 195.16 190.97 191.89 195.70 204.05 214.33 214.56 210.55
  130    5 234.33 226.72 211.71 201.21 196.66 193.83 194.16 198.52 206.78 215.96 218.31 213.67
  130    6 232.56 225.73 213.42 206.87 204.95 204.01 203.84 206.86 210.39 217.86 217.85 214.72
  130    7 231.49 226.28 216.09 216.34 217.66 218.04 217.45 216.40 214.12 218.51 218.92 216.33
  130    8 227.78 223.57 223.54 229.30 231.40 232.96 232.49 229.15 223.00 219.26 216.75 214.16
  130    9 225.75 227.24 235.50 242.84 245.50 246.89 246.26 242.42 234.55 225.09 219.86 214.67
  130   10 227.06 236.83 246.80 254.28 256.92 258.70 257.61 254.27 245.64 234.44 229.22 219.61
  130   11 232.80 247.35 258.29 265.60 267.80 268.83 267.90 265.26 255.92 244.28 239.02 227.59
  130   12 239.06 253.64 265.52 273.78 275.42 276.12 275.36 273.52 264.08 251.75 246.67 234.88
  130   13 245.80 260.82 272.74 280.86 282.27 283.22 282.71 280.22 270.80 258.45 252.98 241.06
  130   14 251.05 264.79 277.09 285.86 287.21 287.06 285.71 284.03 275.49 262.41 256.68 245.30
  130   15 255.10 269.72 279.55 288.42 290.65 291.31 290.28 286.43 277.51 265.81 260.75 247.90
  130   16 256.33 272.74 281.26 291.19 293.62 293.89 293.83 289.07 279.95 267.87 262.23 246.14
  130   17 256.31 274.32 283.31 293.60 295.59 296.20 296.46 291.57 282.30 269.33 260.98 246.19
  130   18 254.99 275.23 284.91 295.36 297.45 298.21 298.65 293.71 283.79 270.03 259.43 247.37
  130   19 253.96 275.97 285.85 296.32 298.42 299.37 299.78 294.80 284.15 269.81 258.63 248.69
 7 10101 1530
  130    1 252.84 247.16 244.58 242.01 240.81 239.27 237.80 234.33 230.61 222.49 212.92 201.67
  130    2 239.74 232.20 222.42 215.38 214.04 212.56 213.62 215.70 215.10 216.29 211.88 206.60
  130    3 239.83 230.19 217.33 209.16 207.76 208.97 207.35 203.77 206.05 213.99 214.34 209.11
  130    4 235.29 227.47 212.42 199.70 195.11 190.89 191.99 195.78 204.02 214.36 214.68 210.58
  130    5 233.84 226.80 211.65 201.22 196.64 193.74 194.19 198.59 206.72 215.98 218.44 213.71
  130    6 232.06 225.81 213.39 206.86 205.00 203.94 203.86 206.92 210.31 217.87 217.96 214.81
  130    7 230.99 226.38 216.06 216.31 217.69 218.04 217.47 216.46 214.01 218.49 218.99 216.48
  130    8 227.35 223.65 223.50 229.31 231.42 232.94 232.46 229.20 222.93 219.27 216.80 214.27
  130    9 225.43 227.26 235.46 242.85 245.47 246.78 246.21 242.46 234.53 225.18 219.82 214.67
  130   10 226.89 236.84 246.77 254.25 256.86 258.55 257.55 254.34 245.63 234.54 229.17 219.58
  130   11 232.72 247.39 258.23 265.57 267.74 268.68 267.84 265.32 255.89 244.35 239.03 227.62
  130   12 239.01 253.69 265.46 273.74 275.38 275.98 275.30 273.59 264.04 251.81 246.69 234.95
  130   13 245.71 260.89 272.69 280.83 282.26 283.07 282.68 280.28 270.78 258.50 252.96 241.17
  130   14 250.93 264.90 277.02 285.83 287.18 286.90 285.65 284.08 275.45 262.45 256.66 245.41
  130   15 254.92 269.80 279.48 288.41 290.63 291.25 290.28 286.54 277.49 265.86 260.75 247.99
  130   16 256.15 272.78 281.22 291.14 293.53 293.90 293.85 289.21 279.95 267.92 262.23 246.38
  130   17 256.10 274.38 283.31 293.54 295.55 296.21 296.48 291.72 282.31 269.37 260.98 246.56
  130   18 254.79 275.32 284.92 295.30 297.42 298.17 298.71 293.88 283.74 270.10 259.39 248.03
  130   19 253.70 276.06 285.86 296.27 298.37 299.29 299.83 294.94 284.14 269.76 258.64 248.52
 8 10101 1600
  130    1 252.87 247.09 244.64 241.90 240.72 239.17 237.99 234.26 230.55 222.43 213.15 201.56
  130    2 239.75 232.09 222.47 215.24 213.92 212.43 213.86 215.61 215.05 216.14 212.13 206.41
  130    3 239.74 230.11 217.36 209.06 207.66 208.81 207.61 203.73 206.02 213.89 214.56 208.90
  130    4 235.19 227.43 212.44 199.66 195.02 190.77 192.21 195.77 203.97 214.28 214.85 210.43
  130    5 233.63 226.78 211.66 201.21 196.59 193.71 194.30 198.60 206.68 215.90 218.63 213.59
  130    6 231.71 225.82 213.41 206.85 204.92 203.94 203.94 206.92 210.24 217.80 218.16 214.74
  130    7 230.58 226.39 216.09 216.31 217.60 217.99 217.54 216.46 213.93 218.38 219.14 216.48
  130    8 226.92 223.67 223.52 229.28 231.36 232.86 232.49 229.22 222.90 219.20 216.94 214.29
  130    9 225.07 227.26 235.46 242.81 245.44 246.74 246.24 242.47 234.53 225.20 219.85 214.67
  130   10 226.64 236.82 246.77 254.19 256.85 258.51 257.58 254.36 245.65 234.59 229.20 219.59
  130   11 232.54 247.40 258.22 265.51 267.73 268.65 267.90 265.36 255.90 244.38 239.07 227.66
  130   12 238.85 253.71 265.45 273.69 275.35 275.95 275.38 273.66 264.04 251.84 246.76 235.01
  130   13 245.53 260.90 272.67 280.77 282.19 283.06 282.72 280.34 270.78 258.51 253.06 241.23
  130   14 250.73 264.95 277.01 285.77 287.11 286.95 285.74 284.13 275.44 262.50 256.78 245.45
  130   15 254.71 269.82 279.47 288.37 290.61 291.24 290.39 286.65 277.52 265.89 260.87 248.06
  130   16 255.93 272.80 281.25 291.09 293.57 293.87 293.96 289.30 280.01 267.95 262.35 246.44
  130   17 255.86 274.37 283.34 293.53 295.52 296.13 296.62 291.82 282.32 269.44 261.10 246.58
  130   18 254.57 275.35 284.95 295.30 297.37 298.14 298.85 293.99 283.64 270.16 259.45 248.03
  130   19 253.42 276.09 285.87 296.21 298.27 299.23 299.92 295.05 284.05 269.57 258.80 248.46
 9 10101 1630
  130    1 253.03 247.10 244.82 241.79 240.64 239.10 238.12 234.17 230.55 222.35 213.31 201.52
  130    2 239.88 232.08 222.66 215.08 213.80 212.34 214.02 215.48 215.08 215.96 212.29 206.34
  130    3 239.79 230.07 217.48 208.93 207.53 208.66 207.81 203.65 206.08 213.78 214.72 208.77
  130    4 235.23 227.42 212.54 199.60 194.92 190.68 192.37 195.74 204.00 214.22 214.97 210.33
  130    5 233.57 226.78 211.72 201.19 196.54 193.63 194.35 198.62 206.69 215.84 218.76 213.47
  130    6 231.55 225.84 213.47 206.82 204.93 203.88 203.96 206.96 210.22 217.75 218.32 214.61
  130    7 230.36 226.43 216.12 216.26 217.61 218.00 217.57 216.50 213.87 218.28 219.26 216.36
  130    8 226.66 223.70 223.53 229.28 231.35 232.86 232.49 229.28 222.87 219.11 217.04 214.24
  130    9 224.81 227.27 235.47 242.80 245.37 246.66 246.23 242.49 234.56 225.22 219.86 214.66
  130   10 226.46 236.82 246.78 254.17 256.72 258.41 257.58 254.38 245.69 234.63 229.21 219.58
  130   11 232.40 247.39 258.22 265.48 267.60 268.55 267.92 265.37 255.93 244.38 239.12 227.66
  130   12 238.73 253.70 265.48 273.63 275.23 275.82 275.41 273.66 264.07 251.81 246.84 235.00
  130   13 245.40 260.90 272.69 280.69 282.12 282.91 282.77 280.33 270.82 258.47 253.15 241.21
  130   14 250.59 264.98 277.03 285.71 287.05 286.82 285.78 284.11 275.45 262.45 256.86 245.42
  130   15 254.57 269.82 279.49 288.32 290.54 291.14 290.48 286.67 277.54 265.83 260.95 247.97
  130   16 255.79 272.79 281.26 291.02 293.42 293.80 294.07 289.33 280.06 267.90 262.42 246.50
  130   17 255.70 274.36 283.39 293.41 295.46 296.06 296.73 291.87 282.40 269.39 261.20 246.71
  130   18 254.42 275.34 285.03 295.18 297.31 298.05 298.95 294.03 283.70 270.09 259.49 248.10
  130   19 253.23 276.06 285.94 296.14 298.21 299.14 300.01 295.04 284.07 269.37 258.89 248.64
 10 10101 1700
  130    1 253.12 247.17 245.01 241.67 240.51 239.05 238.16 234.06 230.55 222.26 213.34 201.56
  130    2 239.98 232.15 222.87 214.92 213.64 212.28 214.09 215.34 215.12 215.81 212.32 206.37
  130    3 239.90 230.10 217.66 208.80 207.38 208.55 207.93 203.55 206.13 213.65 214.75 208.71
  130    4 235.33 227.44 212.70 199.52 194.82 190.61 192.51 195.68 204.01 214.12 215.00 210.29
  130    5 233.62 226.81 211.82 201.16 196.49 193.60 194.43 198.60 206.69 215.74 218.83 213.39
  130    6 231.55 225.87 213.56 206.81 204.87 203.87 204.02 206.93 210.20 217.66 218.41 214.50
  130    7 230.31 226.45 216.20 216.25 217.52 217.95 217.64 216.48 213.80 218.14 219.34 216.27
  130    8 226.56 223.71 223.57 229.26 231.28 232.78 232.52 229.29 222.84 218.97 217.11 214.21
  130    9 224.70 227.26 235.49 242.76 245.31 246.61 246.25 242.47 234.56 225.15 219.85 214.66
  130   10 226.40 236.79 246.80 254.09 256.67 258.34 257.61 254.35 245.71 234.58 229.20 219.57
  130   11 232.36 247.39 258.25 265.39 267.56 268.48 267.97 265.35 255.95 244.32 239.13 227.65
  130   12 238.71 253.70 265.54 273.57 275.18 275.76 275.50 273.66 264.10 251.74 246.88 234.99
  130   13 245.37 260.90 272.75 280.63 282.03 282.87 282.83 280.31 270.86 258.37 253.21 241.18
  130   14 250.56 265.01 277.10 285.65 286.97 286.83 285.89 284.08 275.49 262.37 256.94 245.37
  130   15 254.52 269.81 279.55 288.28 290.48 291.12 290.58 286.68 277.60 265.73 261.02 247.99
  130   16 255.75 272.78 281.36 291.00 293.39 293.77 294.18 289.35 280.11 267.85 262.51 246.43
  130   17 255.65 274.35 283.49 293.39 295.39 296.00 296.84 291.88 282.46 269.34 261.28 246.63
  130   18 254.36 275.34 285.12 295.14 297.22 297.99 299.06 294.04 283.72 269.96 259.50 247.95
  130   19 253.09 276.06 286.04 296.03 298.08 299.06 300.07 295.04 284.11 269.21 258.85 248.57
 11 10101 1730
  130    1 253.08 247.25 245.11 241.60 240.39 239.11 238.07 234.01 230.59 222.30 213.27 201.71
  130    2 239.92 232.22 222.99 214.82 213.47 212.34 214.02 215.26 215.19 215.79 212.25 206.56
  130    3 239.90 230.13 217.77 208.70 207.21 208.55 207.89 203.49 206.20 213.63 214.72 208.83
  130    4 235.31 227.46 212.80 199.46 194.69 190.62 192.51 195.64 204.06 214.11 214.99 210.41
  130    5 233.60 226.83 211.90 201.15 196.42 193.58 194.43 198.59 206.71 215.73 218.83 213.45
  130    6 231.52 225.90 213.63 206.80 204.87 203.85 204.05 206.92 210.19 217.66 218.44 214.53
  130    7 230.25 226.48 216.24 216.22 217.53 217.97 217.67 216.48 213.75 218.09 219.33 216.32
  130    8 226.45 223.73 223.58 229.26 231.27 232.82 232.53 229.32 222.81 218.90 217.12 214.32
  130    9 224.56 227.24 235.50 242.76 245.26 246.62 246.25 242.46 234.58 225.14 219.82 214.78
  130   10 226.29 236.77 246.81 254.07 256.58 258.30 257.62 254.35 245.73 234.59 229.18 219.66
  130   11 232.25 247.37 258.26 265.36 267.46 268.43 267.99 265.34 255.99 244.30 239.13 227.72
  130   12 238.63 253.69 265.57 273.52 275.08 275.71 275.52 273.64 264.14 251.70 246.88 235.07
  130   13 245.28 260.91 272.79 280.57 281.95 282.78 282.83 280.27 270.91 258.33 253.21 241.26
  130   14 250.48 265.05 277.14 285.60 286.90 286.78 285.94 284.05 275.52 262.32 256.92 245.46
  130   15 254.44 269.81 279.59 288.24 290.38 291.07 290.63 286.67 277.65 265.68 261.01 248.06
  130   16 255.66 272.77 281.43 290.95 293.24 293.75 294.22 289.36 280.17 267.82 262.49 246.58
  130   17 255.56 274.34 283.59 293.31 295.30 295.99 296.86 291.92 282.52 269.31 261.27 246.80
  130   18 254.24 275.35 285.21 295.06 297.10 298.03 299.08 294.06 283.82 269.85 259.40 248.12
  130   19 252.97 276.07 286.13 296.00 297.96 299.14 300.08 294.99 284.21 269.15 258.66 248.65
 12 10101 1800
  130    1 253.03 247.23 245.07 241.60 240.31 239.23 237.91 234.01 230.61 222.43 213.14 201.90
  130    2 239.90 232.18 222.95 214.80 213.37 212.48 213.85 215.25 215.26 215.91 212.12 206.79
  130    3 239.93 230.07 217.77 208.67 207.11 208.66 207.77 203.50 206.27 213.69 214.64 209.02
  130    4 235.36 227.42 212.82 199.45 194.63 190.70 192.46 195.65 204.10 214.16 214.94 210.59
  130    5 233.64 226.80 211.92 201.16 196.40 193.60 194.44 198.60 206.73 215.75 218.80 213.58
  130    6 231.56 225.87 213.66 206.81 204.86 203.86 204.08 206.91 210.17 217.70 218.41 214.64
  130    7 230.25 226.47 216.25 216.22 217.50 217.95 217.71 216.49 213.69 218.07 219.29 216.48
  130    8 226.39 223.73 223.56 229.26 231.25 232.77 232.52 229.35 222.77 218.84 217.10 214.51
  130    9 224.50 227.22 235.48 242.76 245.23 246.57 246.24 242.47 234.57 225.12 219.76 214.91
  130   10 226.25 236.74 246.80 254.05 256.58 258.27 257.61 254.35 245.74 234.58 229.13 219.76
  130   11 232.21 247.36 258.24 265.34 267.50 268.40 267.98 265.34 256.00 244.29 239.09 227.84
  130   12 238.60 253.69 265.57 273.51 275.13 275.71 275.52 273.67 264.15 251.70 246.84 235.22
  130   13 245.24 260.91 272.80 280.56 281.92 282.81 282.81 280.30 270.92 258.31 253.17 241.41
  130   14 250.44 265.08 277.15 285.60 286.86 286.80 285.97 284.07 275.53 262.32 256.89 245.61
  130   15 254.39 269.81 279.61 288.24 290.32 291.13 290.64 286.72 277.69 265.68 260.99 248.25
  130   16 255.60 272.76 281.49 290.96 293.21 293.82 294.21 289.42 280.20 267.85 262.48 246.75
  130   17 255.49 274.34 283.62 293.28 295.25 296.06 296.88 291.98 282.57 269.36 261.24 246.93
  130   18 254.13 275.36 285.22 295.02 297.03 298.12 299.09 294.14 283.83 269.87 259.30 248.24
  130   19 252.89 276.08 286.17 295.97 297.86 299.22 300.03 295.02 284.25 269.16 258.45 248.67
 13 10101 1830
  130    1 253.21 247.07 244.91 241.71 240.39 239.42 237.73 234.05 230.63 222.64 213.02 201.99
  130    2 240.12 231.95 222.79 214.87 213.42 212.69 213.66 215.28 215.30 216.07 212.03 206.92
  130    3 240.17 229.87 217.68 208.68 207.12 208.84 207.61 203.52 206.33 213.78 214.58 209.14
  130    4 235.59 227.24 212.78 199.47 194.62 190.82 192.37 195.66 204.13 214.23 214.90 210.71
  130    5 233.85 226.65 211.89 201.19 196.41 193.61 194.44 198.60 206.74 215.81 218.76 213.67
  130    6 231.74 225.75 213.64 206.83 204.91 203.86 204.12 206.89 210.15 217.76 218.38 214.74
  130    7 230.38 226.37 216.22 216.22 217.55 217.97 217.75 216.47 213.63 218.09 219.23 216.62
  130    8 226.45 223.65 223.51 229.27 231.28 232.81 232.53 229.37 222.72 218.83 217.09 214.65
  130    9 224.53 227.14 235.42 242.76 245.25 246.63 246.23 242.47 234.56 225.15 219.74 215.02
  130   10 226.28 236.66 246.75 254.05 256.59 258.33 257.57 254.35 245.73 234.61 229.10 219.85
  130   11 232.22 247.29 258.17 265.34 267.49 268.48 267.94 265.35 255.99 244.31 239.07 227.95
  130   12 238.61 253.62 265.50 273.52 275.12 275.80 275.48 273.69 264.14 251.73 246.82 235.36
  130   13 245.25 260.85 272.73 280.56 281.91 282.83 282.76 280.31 270.93 258.34 253.14 241.57
  130   14 250.44 265.03 277.06 285.59 286.85 286.86 285.92 284.08 275.51 262.36 256.86 245.77
  130   15 254.38 269.76 279.54 288.21 290.31 291.17 290.60 286.76 277.68 265.71 260.95 248.41
  130   16 255.58 272.69 281.45 290.96 293.17 293.87 294.16 289.47 280.20 267.92 262.43 246.98
  130   17 255.47 274.27 283.57 293.27 295.18 296.11 296.80 292.03 282.57 269.44 261.19 247.11
  130   18 254.11 275.30 285.18 295.02 296.95 298.18 298.99 294.19 283.86 269.96 259.20 248.37
  130   19 252.91 276.02 286.13 295.93 297.80 299.28 299.92 295.06 284.21 269.21 258.27 248.82
 14 10101 1900
  130    1 253.50 246.83 244.69 241.84 240.57 239.55 237.56 234.06 230.64 222.79 212.90 202.03
  130    2 240.46 231.65 222.56 215.00 213.63 212.87 213.49 215.30 215.35 216.22 211.96 206.97
  130    3 240.50 229.61 217.54 208.76 207.28 209.02 207.47 203.54 206.38 213.89 214.54 209.20
  130    4 235.93 227.03 212.70 199.54 194.75 190.94 192.29 195.67 204.16 214.31 214.86 210.78
  130    5 234.14 226.48 211.84 201.25 196.47 193.65 194.41 198.60 206.76 215.87 218.73 213.73
  130    6 231.99 225.62 213.61 206.85 204.93 203.88 204.14 206.87 210.13 217.83 218.35 214.79
  130    7 230.60 226.25 216.17 216.23 217.53 218.00 217.77 216.46 213.57 218.11 219.18 216.71
  130    8 226.60 223.57 223.44 229.29 231.27 232.82 232.52 229.38 222.68 218.84 217.10 214.73
  130    9 224.62 227.07 235.35 242.78 245.24 246.62 246.24 242.47 234.55 225.19 219.73 215.07
  130   10 226.35 236.59 246.68 254.05 256.58 258.33 257.58 254.36 245.72 234.65 229.08 219.91
  130   11 232.27 247.22 258.09 265.34 267.52 268.52 267.96 265.35 255.98 244.34 239.05 228.03
  130   12 238.65 253.56 265.43 273.52 275.16 275.84 275.52 273.71 264.13 251.77 246.81 235.46
  130   13 245.29 260.78 272.64 280.57 281.94 282.89 282.75 280.33 270.90 258.37 253.13 241.67
  130   14 250.47 264.99 276.97 285.62 286.95 286.90 285.96 284.09 275.48 262.40 256.86 245.86
  130   15 254.42 269.69 279.47 288.25 290.33 291.27 290.61 286.79 277.70 265.76 260.94 248.54
  130   16 255.62 272.60 281.44 291.01 293.26 293.98 294.14 289.50 280.18 268.00 262.42 247.08
  130   17 255.49 274.19 283.53 293.29 295.25 296.21 296.77 292.08 282.54 269.53 261.17 247.17
  130   18 254.13 275.21 285.13 295.03 297.01 298.29 298.95 294.25 283.84 270.01 259.12 248.37
  130   19 252.99 275.92 286.08 295.94 297.86 299.37 299.82 295.08 284.24 269.35 258.19 248.66
 15 10101 1930
  130    1 253.76 246.64 244.47 242.01 240.90 239.65 237.44 234.08 230.67 222.90 212.81 201.95
  130    2 240.75 231.40 222.32 215.16 213.98 212.99 213.37 215.29 215.41 216.32 211.94 206.88
  130    3 240.76 229.39 217.40 208.85 207.56 209.15 207.37 203.52 206.45 213.96 214.53 209.14
  130    4 236.22 226.84 212.62 199.62 194.92 191.03 192.24 195.65 204.20 214.36 214.85 210.75
  130    5 234.42 226.32 211.79 201.31 196.56 193.63 194.41 198.58 206.79 215.90 218.71 213.68
  130    6 232.23 225.48 213.57 206.90 205.00 203.85 204.17 206.83 210.14 217.89 218.34 214.75
  130    7 230.85 226.13 216.12 216.24 217.58 217.99 217.81 216.42 213.52 218.13 219.14 216.68
  130    8 226.78 223.47 223.37 229.30 231.31 232.82 232.52 229.38 222.65 218.83 217.10 214.69
  130    9 224.73 226.98 235.27 242.80 245.28 246.63 246.23 242.46 234.54 225.22 219.73 215.02
  130   10 226.44 236.49 246.60 254.07 256.62 258.32 257.57 254.33 245.72 234.69 229.08 219.89
  130   11 232.34 247.12 258.00 265.36 267.57 268.51 267.96 265.32 255.98 244.36 239.06 228.03
  130   12 238.72 253.47 265.34 273.56 275.23 275.84 275.52 273.70 264.13 251.79 246.81 235.47
  130   13 245.37 260.68 272.55 280.62 282.00 282.87 282.75 280.31 270.91 258.40 253.14 241.69
  130   14 250.56 264.91 276.87 285.65 287.03 286.92 285.96 284.07 275.48 262.44 256.85 245.86
  130   15 254.51 269.60 279.38 288.27 290.43 291.28 290.61 286.81 277.70 265.79 260.93 248.54
  130   16 255.70 272.49 281.36 291.03 293.35 294.00 294.12 289.51 280.20 268.07 262.40 247.13
  130   17 255.56 274.10 283.46 293.32 295.34 296.24 296.73 292.10 282.55 269.61 261.14 247.17
  130   18 254.21 275.13 285.07 295.05 297.13 298.30 298.91 294.24 283.88 270.07 259.04 248.30
  130   19 253.06 275.81 286.02 295.93 297.96 299.39 299.75 295.04 284.26 269.36 258.14 248.47
 16 10101 2000
  130    1 253.86 246.53 244.24 242.16 241.23 239.67 237.36 234.06 230.71 222.96 212.75 201.77
  130    2 240.83 231.26 222.07 215.32 214.36 213.04 213.27 215.27 215.50 216.38 211.93 206.67
  130    3 240.83 229.25 217.26 208.95 207.86 209.22 207.27 203.49 206.53 214.02 214.53 208.97
  130    4 236.31 226.71 212.54 199.69 195.14 191.08 192.19 195.62 204.24 214.40 214.84 210.63
  130    5 234.52 226.22 211.74 201.36 196.66 193.65 194.40 198.56 206.83 215.92 218.70 213.55
  130    6 232.35 225.40 213.52 206.92 205.04 203.91 204.19 206.79 210.16 217.93 218.33 214.64
  130    7 230.99 226.05 216.05 216.24 217.59 218.05 217.84 216.38 213.50 218.15 219.11 216.58
  130    8 226.88 223.40 223.28 229.32 231.33 232.83 232.52 229.36 222.62 218.82 217.10 214.57
  130    9 224.79 226.91 235.18 242.82 245.31 246.60 246.23 242.44 234.54 225.24 219.71 214.91
  130   10 226.50 236.42 246.52 254.07 256.67 258.29 257.56 254.30 245.72 234.70 229.06 219.83
  130   11 232.39 247.05 257.90 265.37 267.66 268.49 267.96 265.29 255.99 244.37 239.05 227.97
  130   12 238.77 253.40 265.25 273.58 275.34 275.81 275.54 273.71 264.14 251.80 246.82 235.43
  130   13 245.41 260.62 272.46 280.64 282.11 282.84 282.74 280.31 270.92 258.40 253.15 241.63
  130   14 250.60 264.86 276.77 285.70 287.15 286.91 285.96 284.05 275.49 262.46 256.86 245.79
  130   15 254.55 269.53 279.29 288.32 290.53 291.33 290.60 286.80 277.74 265.82 260.94 248.49
  130   16 255.74 272.41 281.31 291.09 293.48 294.03 294.11 289.49 280.22 268.13 262.40 247.07
  130   17 255.60 274.02 283.40 293.35 295.46 296.25 296.73 292.08 282.58 269.68 261.12 247.06
  130   18 254.25 275.05 285.02 295.08 297.22 298.34 298.89 294.21 283.95 270.11 258.96 248.09
  130   19 253.07 275.74 285.95 295.95 298.04 299.41 299.71 294.98 284.34 269.40 258.15 248.18
 17 10101 2030
  130    1 253.78 246.56 244.03 242.29 241.51 239.69 237.32 234.08 230.77 223.00 212.71 201.52
  130    2 240.69 231.25 221.82 215.46 214.66 213.09 213.21 215.25 215.61 216.42 211.95 206.38
  130    3 240.70 229.21 217.10 209.02 208.08 209.31 207.17 203.48 206.62 214.07 214.56 208.72
  130    4 236.21 226.66 212.45 199.73 195.27 191.18 192.12 195.60 204.30 214.43 214.86 210.44
  130    5 234.45 226.18 211.68 201.40 196.74 193.62 194.38 198.54 206.89 215.93 218.72 213.35
  130    6 232.32 225.38 213.47 206.96 205.12 203.84 204.21 206.74 210.20 217.99 218.36 214.45
  130    7 231.01 226.03 215.98 216.26 217.62 218.01 217.86 216.33 213.49 218.16 219.09 216.41
  130    8 226.88 223.38 223.20 229.34 231.33 232.82 232.52 229.37 222.60 218.78 217.08 214.39
  130    9 224.78 226.86 235.10 242.85 245.33 246.60 246.23 242.42 234.55 225.25 219.69 214.77
  130   10 226.50 236.36 246.44 254.11 256.70 258.24 257.57 254.26 245.73 234.71 229.07 219.73
  130   11 232.39 247.01 257.81 265.41 267.70 268.43 267.96 265.24 256.02 244.37 239.06 227.88
  130   12 238.77 253.37 265.16 273.63 275.39 275.77 275.54 273.65 264.17 251.82 246.82 235.34
  130   13 245.40 260.60 272.37 280.68 282.16 282.81 282.74 280.25 270.97 258.41 253.15 241.53
  130   14 250.59 264.83 276.66 285.73 287.23 286.91 285.98 283.96 275.53 262.47 256.88 245.68
  130   15 254.54 269.50 279.22 288.35 290.61 291.31 290.61 286.76 277.78 265.83 260.95 248.38
  130   16 255.74 272.36 281.26 291.11 293.53 294.01 294.11 289.45 280.25 268.17 262.39 246.99
  130   17 255.58 274.00 283.35 293.31 295.53 296.25 296.70 292.06 282.63 269.72 261.09 246.95
  130   18 254.26 275.02 284.97 295.04 297.29 298.33 298.84 294.15 284.01 270.13 258.86 247.89
  130   19 253.01 275.71 285.91 295.95 298.10 299.41 299.65 294.91 284.42 269.41 258.15 247.94
 18 10101 2100
  130    1 253.63 246.62 243.86 242.35 241.63 239.70 237.27 234.09 230.82 222.99 212.69 201.25
  130    2 240.49 231.32 221.64 215.53 214.77 213.13 213.16 215.27 215.69 216.41 211.96 206.04
  130    3 240.50 229.24 216.99 209.04 208.15 209.40 207.08 203.50 206.69 214.09 214.57 208.41
  130    4 236.04 226.67 212.39 199.73 195.31 191.26 192.07 195.60 204.34 214.43 214.87 210.20
  130    5 234.31 226.18 211.64 201.41 196.76 193.64 194.37 198.54 206.93 215.92 218.75 213.10
  130    6 232.21 225.39 213.44 206.98 205.12 203.89 204.23 206.71 210.24 218.02 218.38 214.23
  130    7 230.95 226.04 215.92 216.28 217.62 218.07 217.88 216.30 213.48 218.16 219.07 216.21
  130    8 226.82 223.38 223.12 229.37 231.35 232.83 232.52 229.35 222.59 218.74 217.06 214.19
  130    9 224.74 226.83 235.03 242.88 245.33 246.55 246.22 242.39 234.55 225.24 219.67 214.60
  130   10 226.49 236.32 246.38 254.12 256.71 258.18 257.55 254.23 245.72 234.71 229.06 219.60
  130   11 232.39 246.97 257.73 265.41 267.73 268.37 267.95 265.20 256.02 244.36 239.06 227.75
  130   12 238.77 253.35 265.09 273.64 275.43 275.72 275.54 273.63 264.19 251.81 246.84 235.22
  130   13 245.39 260.58 272.28 280.69 282.17 282.77 282.72 280.21 270.99 258.40 253.17 241.40
  130   14 250.57 264.82 276.58 285.75 287.26 286.92 285.99 283.92 275.56 262.48 256.92 245.54
  130   15 254.52 269.48 279.15 288.40 290.63 291.34 290.59 286.74 277.82 265.84 260.98 248.26
  130   16 255.71 272.33 281.23 291.15 293.54 294.04 294.08 289.41 280.28 268.20 262.41 246.86
  130   17 255.54 273.98 283.32 293.33 295.50 296.26 296.66 292.02 282.68 269.77 261.08 246.77
  130   18 254.25 275.00 284.93 295.04 297.27 298.37 298.78 294.11 284.06 270.13 258.79 247.63
  130   19 252.96 275.71 285.89 295.94 298.06 299.44 299.56 294.85 284.47 269.43 258.12 247.61
 19 10101 2130
  130    1 253.47 246.75 243.81 242.37 241.61 239.72 237.28 234.15 230.86 222.96 212.64 201.04
  130    2 240.27 231.45 221.57 215.53 214.72 213.18 213.16 215.34 215.74 216.37 211.93 205.76
  130    3 240.31 229.30 216.96 209.00 208.07 209.52 207.02 203.58 206.74 214.07 214.57 208.16
  130    4 235.88 226.71 212.38 199.68 195.24 191.38 192.02 195.64 204.37 214.41 214.87 210.01
  130    5 234.17 226.21 211.65 201.39 196.73 193.63 194.36 198.55 206.97 215.90 218.76 212.89
  130    6 232.10 225.41 213.45 206.98 205.14 203.82 204.25 206.69 210.27 218.05 218.40 214.04
  130    7 230.87 226.06 215.91 216.27 217.63 218.02 217.90 216.27 213.46 218.16 219.04 216.05
  130    8 226.75 223.40 223.07 229.36 231.32 232.82 232.52 229.36 222.57 218.69 217.04 214.02
  130    9 224.69 226.81 234.98 242.88 245.29 246.58 246.22 242.39 234.56 225.23 219.66 214.45
  130   10 226.47 236.29 246.35 254.12 256.67 258.21 257.55 254.21 245.73 234.70 229.07 219.50
  130   11 232.38 246.96 257.69 265.41 267.69 268.43 267.95 265.17 256.04 244.35 239.07 227.64
  130   12 238.75 253.34 265.06 273.64 275.39 275.77 275.53 273.61 264.20 251.80 246.85 235.11
  130   13 245.37 260.58 272.24 280.69 282.11 282.82 282.70 280.19 271.01 258.39 253.19 241.28
  130   14 250.55 264.83 276.53 285.76 287.21 286.96 285.98 283.88 275.57 262.47 256.96 245.41
  130   15 254.50 269.49 279.12 288.40 290.58 291.38 290.58 286.75 277.85 265.85 261.01 248.13
  130   16 255.69 272.32 281.23 291.15 293.47 294.06 294.05 289.44 280.29 268.24 262.42 246.75
  130   17 255.50 273.98 283.34 293.29 295.43 296.26 296.60 292.03 282.68 269.78 261.05 246.62
  130   18 254.24 275.02 284.95 295.04 297.16 298.38 298.70 294.09 284.08 270.11 258.71 247.42
  130   19 252.92 275.73 285.89 295.91 297.94 299.42 299.45 294.82 284.47 269.39 258.08 247.35
 20 10101 2200
  130    1 253.30 246.89 243.88 242.30 241.49 239.70 237.35 234.22 230.87 222.89 212.57 200.97
  130    2 240.05 231.61 221.68 215.44 214.56 213.19 213.24 215.45 215.75 216.27 211.85 205.64
  130    3 240.12 229.39 217.05 208.89 207.90 209.60 207.02 203.69 206.74 214.01 214.52 208.05
  130    4 235.73 226.76 212.47 199.58 195.12 191.46 192.01 195.70 204.38 214.35 214.83 209.93
  130    5 234.04 226.25 211.73 201.33 196.66 193.63 194.37 198.58 206.99 215.86 218.75 212.78
  130    6 231.98 225.45 213.53 206.96 205.08 203.84 204.28 206.68 210.28 218.05 218.38 213.95
  130    7 230.79 226.10 215.93 216.26 217.59 218.06 217.93 216.25 213.44 218.13 218.99 215.98
  130    8 226.68 223.43 223.06 229.37 231.30 232.82 232.52 229.34 222.55 218.64 217.00 213.95
  130    9 224.64 226.81 234.98 242.89 245.24 246.54 246.22 242.37 234.56 225.22 219.63 214.36
  130   10 226.45 236.27 246.36 254.11 256.60 258.14 257.55 254.19 245.71 234.68 229.05 219.43
  130   11 232.37 246.94 257.70 265.38 267.63 268.35 267.95 265.16 256.02 244.32 239.06 227.58
  130   12 238.75 253.34 265.08 273.61 275.33 275.71 275.55 273.62 264.19 251.77 246.85 235.05
  130   13 245.37 260.59 272.26 280.65 282.03 282.76 282.69 280.20 271.00 258.36 253.20 241.21
  130   14 250.54 264.84 276.55 285.73 287.15 286.95 286.00 283.89 275.55 262.47 256.98 245.32
  130   15 254.50 269.49 279.16 288.39 290.50 291.39 290.57 286.76 277.85 265.86 261.02 248.06
  130   16 255.68 272.32 281.29 291.14 293.39 294.08 294.02 289.46 280.29 268.26 262.42 246.68
  130   17 255.47 273.98 283.42 293.25 295.32 296.28 296.57 292.06 282.68 269.79 261.01 246.51
  130   18 254.23 275.04 285.03 294.97 297.04 298.41 298.64 294.10 284.07 270.11 258.65 247.23
  130   19 252.89 275.74 285.97 295.84 297.81 299.46 299.37 294.81 284.48 269.34 258.02 247.11
 21 10101 2230
  130    1 253.12 247.05 244.11 242.18 241.31 239.63 237.53 234.31 230.84 222.80 212.45 201.07
  130    2 239.81 231.77 221.89 215.30 214.36 213.13 213.42 215.58 215.73 216.13 211.73 205.72
  130    3 239.91 229.49 217.22 208.74 207.73 209.63 207.11 203.83 206.73 213.92 214.44 208.10
  130    4 235.57 226.82 212.61 199.46 194.99 191.55 192.05 195.79 204.38 214.27 214.77 209.99
  130    5 233.89 226.29 211.86 201.26 196.58 193.64 194.38 198.63 206.99 215.80 218.69 212.80
  130    6 231.85 225.49 213.64 206.93 205.07 203.78 204.32 206.69 210.29 218.03 218.32 213.98
  130    7 230.70 226.14 215.98 216.24 217.57 217.98 217.96 216.24 213.40 218.11 218.90 216.04
  130    8 226.60 223.46 223.06 229.35 231.27 232.78 232.54 229.35 222.51 218.58 216.94 213.99
  130    9 224.57 226.82 234.99 242.88 245.19 246.51 246.25 242.37 234.57 225.20 219.59 214.35
  130   10 226.41 236.26 246.39 254.09 256.55 258.09 257.57 254.19 245.70 234.66 229.02 219.43
  130   11 232.34 246.93 257.74 265.35 267.56 268.30 267.98 265.16 256.01 244.28 239.04 227.57
  130   12 238.73 253.35 265.15 273.58 275.27 275.67 275.58 273.63 264.18 251.73 246.83 235.05
  130   13 245.35 260.58 272.32 280.61 281.96 282.72 282.71 280.21 270.99 258.33 253.18 241.21
  130   14 250.53 264.84 276.61 285.69 287.12 286.93 286.03 283.89 275.55 262.44 256.96 245.31
  130   15 254.47 269.50 279.23 288.35 290.42 291.36 290.60 286.80 277.86 265.85 261.01 248.07
  130   16 255.65 272.33 281.38 291.08 293.30 294.05 294.03 289.51 280.29 268.26 262.38 246.72
  130   17 255.43 273.99 283.52 293.16 295.24 296.24 296.56 292.11 282.65 269.80 260.95 246.48
  130   18 254.22 275.06 285.14 294.87 296.94 298.38 298.62 294.12 284.03 270.07 258.55 247.14
  130   19 252.85 275.77 286.09 295.76 297.70 299.39 299.33 294.83 284.46 269.27 257.94 246.99
 22 10101 2300
  130    1 252.92 247.18 244.34 242.03 241.12 239.49 237.73 234.38 230.79 222.67 212.33 201.29
  130    2 239.55 231.92 222.16 215.13 214.15 213.00 213.66 215.69 215.66 215.97 211.61 205.95
  130    3 239.68 229.59 217.41 208.57 207.57 209.58 207.26 203.96 206.68 213.81 214.34 208.29
  130    4 235.38 226.89 212.78 199.32 194.87 191.55 192.13 195.86 204.36 214.18 214.70 210.15
  130    5 233.72 226.35 212.00 201.18 196.52 193.61 194.40 198.68 206.99 215.73 218.61 212.92
  130    6 231.68 225.54 213.76 206.89 205.00 203.77 204.35 206.71 210.29 218.00 218.24 214.10
  130    7 230.56 226.19 216.04 216.21 217.53 218.00 217.99 216.23 213.37 218.06 218.80 216.20
  130    8 226.47 223.51 223.07 229.33 231.24 232.76 232.55 229.33 222.47 218.52 216.86 214.12
  130    9 224.47 226.83 235.02 242.88 245.15 246.46 246.28 242.37 234.55 225.17 219.52 214.42
  130   10 226.36 236.25 246.43 254.06 256.50 258.02 257.60 254.19 245.67 234.63 228.97 219.48
  130   11 232.30 246.93 257.79 265.30 267.53 268.24 268.02 265.16 255.99 244.25 238.99 227.63
  130   12 238.70 253.36 265.22 273.52 275.23 275.64 275.63 273.65 264.15 251.70 246.78 235.12
  130   13 245.31 260.61 272.40 280.54 281.90 282.69 282.75 280.23 270.97 258.29 253.12 241.29
  130   14 250.48 264.87 276.68 285.63 287.08 286.93 286.09 283.91 275.52 262.41 256.89 245.38
  130   15 254.42 269.52 279.31 288.32 290.36 291.33 290.65 286.80 277.84 265.81 260.94 248.16
  130   16 255.60 272.34 281.49 291.05 293.26 294.03 294.08 289.54 280.28 268.26 262.30 246.82
  130   17 255.37 274.01 283.65 293.10 295.18 296.19 296.59 292.15 282.64 269.78 260.86 246.51
  130   18 254.17 275.09 285.26 294.81 296.86 298.34 298.64 294.13 284.02 270.02 258.42 247.11
  130   19 252.77 275.80 286.20 295.70 297.62 299.34 299.35 294.83 284.45 269.19 257.85 246.93
 23 10101 2330
  130    1 252.77 247.30 244.58 241.92 240.93 239.31 237.97 234.46 230.71 222.52 212.23 201.55
  130    2 239.35 232.05 222.39 215.01 213.96 212.83 213.92 215.80 215.59 215.79 211.50 206.23
  130    3 239.50 229.69 217.57 208.44 207.45 209.49 207.41 204.08 206.63 213.70 214.25 208.51
  130    4 235.22 226.97 212.91 199.22 194.78 191.55 192.22 195.94 204.33 214.09 214.63 210.35
  130    5 233.56 226.42 212.11 201.12 196.45 193.61 194.42 198.74 206.99 215.65 218.53 213.07
  130    6 231.53 225.62 213.85 206.86 204.98 203.73 204.38 206.73 210.28 217.96 218.15 214.25
  130    7 230.43 226.26 216.07 216.20 217.52 217.95 218.02 216.23 213.33 218.01 218.69 216.39
  130    8 226.35 223.57 223.06 229.35 231.23 232.73 232.57 229.33 222.42 218.43 216.77 214.29
  130    9 224.37 226.85 235.03 242.88 245.12 246.43 246.33 242.37 234.54 225.12 219.45 214.51
  130   10 226.30 236.26 246.48 254.09 256.46 257.97 257.66 254.19 245.64 234.59 228.90 219.57
  130   11 232.27 246.93 257.84 265.31 267.50 268.17 268.09 265.17 255.97 244.20 238.92 227.70
  130   12 238.67 253.38 265.29 273.54 275.21 275.56 275.71 273.67 264.13 251.65 246.71 235.22
  130   13 245.28 260.63 272.45 280.54 281.88 282.60 282.82 280.25 270.96 258.24 253.04 241.39
  130   14 250.44 264.90 276.72 285.62 287.08 286.88 286.17 283.91 275.51 262.37 256.82 245.48
  130   15 254.37 269.56 279.37 288.30 290.33 291.27 290.72 286.85 277.84 265.80 260.87 248.28
  130   16 255.54 272.37 281.56 291.01 293.24 293.96 294.14 289.58 280.28 268.24 262.21 246.97
  130   17 255.30 274.04 283.71 293.03 295.13 296.11 296.64 292.17 282.61 269.75 260.75 246.58
  130   18 254.11 275.14 285.33 294.77 296.83 298.26 298.66 294.12 283.98 269.93 258.29 247.12
  130   19 252.71 275.85 286.29 295.69 297.61 299.23 299.39 294.81 284.41 269.12 257.73 246.89
 24 10102 0
  130    1 252.71 247.38 244.75 241.87 240.75 239.12 238.16 234.52 230.64 222.36 212.19 201.78
  130    2 239.27 232.14 222.57 214.97 213.79 212.65 214.14 215.89 215.51 215.61 211.45 206.47
  130    3 239.42 229.77 217.68 208.38 207.35 209.39 207.53 204.18 206.57 213.58 214.21 208.69
  130    4 235.14 227.04 212.99 199.17 194.71 191.53 192.26 196.01 204.30 213.99 214.58 210.51
  130    5 233.47 226.49 212.18 201.09 196.42 193.58 194.43 198.79 206.98 215.57 218.48 213.19
  130    6 231.43 225.69 213.89 206.84 204.93 203.71 204.39 206.75 210.28 217.91 218.08 214.37
  130    7 230.35 226.33 216.07 216.20 217.47 217.95 218.03 216.23 213.29 217.93 218.60 216.54
  130    8 226.26 223.64 223.03 229.33 231.22 232.69 232.58 229.32 222.38 218.34 216.69 214.42
  130    9 224.30 226.88 235.03 242.89 245.10 246.36 246.34 242.36 234.52 225.07 219.38 214.59
  130   10 226.27 236.26 246.48 254.07 256.43 257.87 257.68 254.19 245.62 234.55 228.84 219.64
  130   11 232.25 246.94 257.84 265.29 267.46 268.08 268.11 265.17 255.94 244.15 238.85 227.77
  130   12 238.66 253.42 265.30 273.52 275.18 275.48 275.75 273.69 264.11 251.60 246.65 235.30
  130   13 245.26 260.68 272.45 280.52 281.85 282.50 282.85 280.27 270.94 258.19 252.96 241.47
  130   14 250.42 264.96 276.72 285.62 287.06 286.82 286.22 283.92 275.49 262.32 256.74 245.56
  130   15 254.35 269.61 279.39 288.32 290.30 291.19 290.75 286.86 277.84 265.75 260.78 248.37
  130   16 255.51 272.41 281.60 291.02 293.22 293.88 294.17 289.59 280.28 268.21 262.10 247.07
  130   17 255.26 274.08 283.76 293.05 295.11 296.03 296.66 292.20 282.61 269.69 260.63 246.62
  130   18 254.08 275.19 285.35 294.79 296.81 298.18 298.66 294.14 283.97 269.88 258.16 247.10
  130   19 252.67 275.91 286.30 295.73 297.61 299.15 299.39 294.81 284.38 269.02 257.61 246.79
 25 10102 30
  130    1 252.81 247.41 244.87 241.91 240.63 238.98 238.30 234.55 230.57 222.21 212.19 201.95
  130    2 239.34 232.19 222.69 215.02 213.66 212.49 214.30 215.95 215.44 215.43 211.45 206.62
  130    3 239.46 229.83 217.75 208.39 207.28 209.32 207.58 204.26 206.53 213.47 214.22 208.79
  130    4 235.18 227.10 213.03 199.16 194.66 191.54 192.26 196.06 204.28 213.90 214.58 210.59
  130    5 233.48 226.55 212.21 201.08 196.37 193.59 194.40 198.83 206.98 215.48 218.47 213.24
  130    6 231.41 225.76 213.91 206.84 204.93 203.69 204.40 206.76 210.28 217.85 218.06 214.42
  130    7 230.34 226.40 216.05 216.19 217.47 217.92 218.04 216.24 213.26 217.85 218.54 216.62
  130    8 226.24 223.71 223.00 229.34 231.23 232.69 232.57 229.32 222.34 218.23 216.63 214.49
  130    9 224.28 226.91 235.01 242.91 245.08 246.35 246.34 242.35 234.51 225.00 219.32 214.63
  130   10 226.28 236.27 246.47 254.10 256.40 257.84 257.67 254.18 245.60 234.49 228.79 219.68
  130   11 232.28 246.96 257.83 265.31 267.44 268.05 268.11 265.17 255.93 244.10 238.80 227.80
  130   12 238.70 253.44 265.30 273.56 275.17 275.44 275.75 273.70 264.10 251.55 246.60 235.34
  130   13 245.30 260.71 272.42 280.56 281.85 282.45 282.84 280.30 270.94 258.12 252.90 241.51
  130   14 250.45 264.99 276.67 285.66 287.06 286.79 286.22 283.93 275.49 262.26 256.70 245.59
  130   15 254.37 269.66 279.36 288.35 290.29 291.15 290.74 286.89 277.87 265.71 260.71 248.41
  130   16 255.52 272.47 281.59 291.06 293.21 293.83 294.14 289.62 280.27 268.18 262.00 247.12
  130   17 255.26 274.15 283.73 293.11 295.12 295.96 296.62 292.22 282.60 269.62 260.54 246.60
  130   18 254.10 275.27 285.34 294.89 296.83 298.13 298.61 294.12 283.95 269.80 258.07 247.03
  130   19 252.70 275.96 286.30 295.81 297.65 299.06 299.33 294.78 284.36 268.91 257.49 246.65
 26 10102 100
  130    1 252.98 247.39 244.95 241.95 240.52 238.87 238.37 234.56 230.50 222.08 212.23 202.04
  130    2 239.53 232.15 222.75 215.09 213.59 212.40 214.35 215.95 215.37 215.29 211.51 206.67
  130    3 239.61 229.83 217.77 208.42 207.27 209.31 207.54 204.28 206.48 213.39 214.28 208.80
  130    4 235.32 227.11 213.04 199.17 194.65 191.59 192.20 196.07 204.27 213.83 214.63 210.59
  130    5 233.58 226.56 212.20 201.08 196.37 193.61 194.36 198.85 206.98 215.40 218.51 213.21
  130    6 231.48 225.79 213.90 206.85 204.91 203.68 204.39 206.76 210.27 217.80 218.08 214.40
  130    7 230.40 226.45 216.03 216.21 217.45 217.91 218.04 216.22 213.23 217.77 218.53 216.62
  130    8 226.29 223.76 222.96 229.35 231.25 232.67 232.55 229.29 222.30 218.13 216.61 214.48
  130    9 224.32 226.92 234.99 242.95 245.08 246.32 246.32 242.34 234.50 224.94 219.29 214.60
  130   10 226.34 236.26 246.46 254.15 256.39 257.79 257.64 254.17 245.59 234.44 228.75 219.68
  130   11 232.34 246.96 257.81 265.37 267.44 268.00 268.06 265.17 255.92 244.05 238.77 227.80
  130   12 238.76 253.46 265.28 273.63 275.18 275.41 275.71 273.72 264.09 251.49 246.57 235.33
  130   13 245.38 260.74 272.38 280.63 281.85 282.42 282.78 280.33 270.93 258.06 252.87 241.49
  130   14 250.53 265.03 276.63 285.74 287.08 286.77 286.18 283.95 275.48 262.21 256.66 245.57
  130   15 254.44 269.70 279.34 288.44 290.29 291.11 290.67 286.92 277.88 265.66 260.66 248.38
  130   16 255.60 272.51 281.61 291.14 293.20 293.80 294.08 289.63 280.29 268.11 261.93 247.10
  130   17 255.33 274.18 283.73 293.18 295.10 295.94 296.55 292.23 282.61 269.58 260.46 246.51
  130   18 254.19 275.32 285.34 294.97 296.82 298.11 298.52 294.12 283.95 269.74 258.00 246.89
  130   19 252.77 276.00 286.28 295.87 297.69 299.03 299.22 294.76 284.36 268.82 257.41 246.39
 27 10102 130
  130    1 253.24 247.31 245.00 242.03 240.51 238.83 238.38 234.52 230.43 222.01 212.29 202.06
  130    2 239.80 232.06 222.79 215.19 213.60 212.36 214.36 215.88 215.30 215.22 211.61 206.64
  130    3 239.84 229.78 217.79 208.46 207.32 209.36 207.46 204.24 206.44 213.35 214.38 208.75
  130    4 235.52 227.08 213.05 199.17 194.68 191.70 192.10 196.05 204.25 213.79 214.71 210.54
  130    5 233.75 226.54 212.20 201.08 196.37 193.66 194.29 198.84 206.98 215.35 218.58 213.13
  130    6 231.61 225.80 213.90 206.86 204.91 203.68 204.38 206.75 210.26 217.77 218.15 214.33
  130    7 230.53 226.45 216.03 216.20 217.45 217.90 218.03 216.22 213.19 217.72 218.57 216.56
  130    8 226.40 223.79 222.93 229.33 231.26 232.68 232.52 229.26 222.25 218.05 216.61 214.42
  130    9 224.41 226.93 234.97 242.96 245.07 246.33 246.29 242.31 234.49 224.89 219.27 214.55
  130   10 226.42 236.24 246.45 254.16 256.39 257.78 257.60 254.14 245.58 234.40 228.74 219.66
  130   11 232.43 246.94 257.79 265.37 267.44 267.99 268.01 265.14 255.92 244.01 238.76 227.76
  130   12 238.86 253.45 265.28 273.64 275.19 275.41 275.65 273.70 264.09 251.46 246.56 235.30
  130   13 245.49 260.74 272.36 280.65 281.87 282.41 282.72 280.31 270.93 258.01 252.86 241.45
  130   14 250.64 265.04 276.60 285.77 287.12 286.78 286.13 283.94 275.48 262.18 256.67 245.51
  130   15 254.55 269.71 279.32 288.47 290.32 291.12 290.60 286.90 277.90 265.62 260.65 248.32
  130   16 255.71 272.54 281.60 291.17 293.21 293.80 294.00 289.62 280.31 268.10 261.89 247.04
  130   17 255.43 274.22 283.74 293.29 295.12 295.95 296.44 292.20 282.63 269.55 260.42 246.39
  130   18 254.31 275.35 285.34 295.08 296.87 298.12 298.39 294.06 283.95 269.70 257.96 246.72
  130   19 252.86 276.01 286.28 295.98 297.78 299.02 299.10 294.70 284.35 268.76 257.36 246.11
 28 10102 200
  130    1 253.51 247.21 245.01 242.09 240.55 238.84 238.36 234.43 230.35 222.00 212.34 202.03
  130    2 240.10 231.92 222.79 215.27 213.69 212.39 214.32 215.75 215.21 215.23 211.70 206.56
  130    3 240.09 229.69 217.78 208.49 207.44 209.46 207.34 204.12 206.37 213.38 214.48 208.66
  130    4 235.75 227.02 213.04 199.18 194.77 191.83 191.99 195.98 204.21 213.81 214.80 210.47
  130    5 233.95 226.50 212.19 201.07 196.42 193.71 194.22 198.81 206.95 215.35 218.67 213.03
  130    6 231.76 225.78 213.90 206.85 204.92 203.69 204.35 206.72 210.24 217.79 218.24 214.24
  130    7 230.68 226.43 216.02 216.20 217.45 217.91 218.01 216.19 213.15 217.71 218.63 216.49
  130    8 226.53 223.78 222.91 229.35 231.30 232.69 232.48 229.22 222.21 218.00 216.63 214.35
  130    9 224.51 226.91 234.97 242.99 245.09 246.33 246.25 242.27 234.47 224.86 219.26 214.48
  130   10 226.52 236.21 246.46 254.21 256.41 257.77 257.54 254.10 245.56 234.39 228.72 219.62
  130   11 232.52 246.90 257.79 265.43 267.47 267.99 267.94 265.09 255.90 243.99 238.75 227.73
  130   12 238.98 253.44 265.29 273.70 275.24 275.42 275.58 273.66 264.07 251.45 246.57 235.26
  130   13 245.61 260.73 272.37 280.69 281.91 282.43 282.64 280.27 270.92 257.99 252.86 241.40
  130   14 250.77 265.05 276.58 285.82 287.17 286.82 286.06 283.89 275.47 262.17 256.66 245.44
  130   15 254.68 269.72 279.32 288.54 290.34 291.15 290.52 286.87 277.91 265.62 260.64 248.24
  130   16 255.83 272.55 281.63 291.21 293.23 293.84 293.92 289.58 280.32 268.11 261.87 246.98
  130   17 255.55 274.22 283.78 293.32 295.14 295.98 296.34 292.15 282.63 269.55 260.39 246.27
  130   18 254.45 275.35 285.38 295.12 296.92 298.16 298.28 293.98 283.93 269.70 257.92 246.53
  130   19 252.96 276.00 286.30 296.00 297.86 299.05 298.99 294.61 284.33 268.75 257.33 245.83
 29 10102 230
  130    1 253.79 247.13 244.98 242.18 240.66 238.89 238.30 234.32 230.25 222.08 212.36 201.97
  130    2 240.39 231.80 222.76 215.38 213.83 212.43 214.27 215.57 215.09 215.31 211.76 206.46
  130    3 240.32 229.61 217.76 208.54 207.61 209.54 207.25 203.96 206.27 213.46 214.56 208.56
  130    4 235.97 226.97 213.04 199.20 194.89 191.97 191.89 195.88 204.14 213.88 214.89 210.38
  130    5 234.14 226.47 212.18 201.06 196.46 193.80 194.14 198.77 206.91 215.40 218.75 212.93
  130    6 231.91 225.77 213.90 206.85 204.94 203.71 204.33 206.68 210.19 217.85 218.31 214.15
  130    7 230.81 226.41 216.02 216.19 217.44 217.91 217.99 216.16 213.10 217.74 218.69 216.42
  130    8 226.65 223.78 222.89 229.32 231.32 232.70 232.44 229.16 222.17 217.99 216.66 214.27
  130    9 224.60 226.88 234.96 242.98 245.11 246.35 246.20 242.21 234.45 224.84 219.25 214.41
  130   10 226.61 236.17 246.47 254.19 256.43 257.77 257.49 254.03 245.53 234.39 228.71 219.59
  130   11 232.60 246.86 257.80 265.40 267.48 268.01 267.88 265.01 255.87 244.00 238.74 227.70
  130   12 239.07 253.41 265.32 273.67 275.26 275.44 275.52 273.58 264.04 251.47 246.56 235.23
  130   13 245.71 260.70 272.38 280.66 281.94 282.46 282.56 280.19 270.89 258.01 252.86 241.37
  130   14 250.87 265.03 276.58 285.79 287.21 286.86 285.99 283.82 275.44 262.20 256.68 245.39
  130   15 254.79 269.70 279.34 288.52 290.37 291.18 290.45 286.80 277.89 265.65 260.63 248.18
  130   16 255.95 272.54 281.66 291.21 293.25 293.88 293.83 289.51 280.32 268.17 261.84 246.92
  130   17 255.66 274.20 283.81 293.40 295.14 296.01 296.25 292.05 282.60 269.60 260.36 246.16
  130   18 254.57 275.33 285.42 295.21 297.00 298.17 298.18 293.88 283.88 269.76 257.89 246.35
  130   19 253.00 275.99 286.33 296.05 297.91 299.06 298.91 294.49 284.29 268.72 257.30 245.59
 30 10102 300
  130    1 253.99 247.09 244.90 242.27 240.78 238.94 238.20 234.17 230.13 222.20 212.36 201.88
  130    2 240.59 231.74 222.67 215.50 214.01 212.48 214.17 215.36 214.96 215.47 211.79 206.33
  130    3 240.49 229.56 217.71 208.61 207.80 209.64 207.13 203.77 206.16 213.60 214.61 208.45
  130    4 236.13 226.94 213.00 199.23 195.03 192.10 191.79 195.75 204.06 214.00 214.94 210.29
  130    5 234.27 226.46 212.17 201.06 196.52 193.86 194.07 198.71 206.84 215.49 218.81 212.84
  130    6 232.01 225.78 213.90 206.84 204.94 203.72 204.30 206.63 210.13 217.95 218.36 214.08
  130    7 230.90 226.40 216.01 216.18 217.42 217.92 217.96 216.12 213.03 217.81 218.74 216.36
  130    8 226.72 223.78 222.87 229.31 231.33 232.71 232.41 229.10 222.12 217.99 216.69 214.21
  130    9 224.65 226.86 234.97 242.99 245.10 246.35 246.17 242.15 234.42 224.85 219.25 214.36
  130   10 226.66 236.14 246.50 254.18 256.43 257.76 257.45 253.97 245.49 234.41 228.69 219.58
  130   11 232.66 246.83 257.81 265.38 267.49 268.00 267.82 264.94 255.83 244.02 238.72 227.69
  130   12 239.14 253.39 265.34 273.67 275.29 275.46 275.48 273.52 263.99 251.50 246.55 235.21
  130   13 245.79 260.70 272.40 280.65 281.97 282.48 282.50 280.12 270.84 258.04 252.84 241.34
  130   14 250.95 265.03 276.60 285.79 287.24 286.90 285.95 283.75 275.39 262.24 256.65 245.36
  130   15 254.87 269.70 279.37 288.55 290.39 291.20 290.40 286.75 277.86 265.70 260.60 248.14
  130   16 256.02 272.55 281.71 291.25 293.29 293.92 293.79 289.43 280.27 268.22 261.80 246.89
  130   17 255.72 274.20 283.86 293.44 295.19 296.04 296.18 291.96 282.55 269.67 260.31 246.06
  130   18 254.65 275.33 285.48 295.25 297.06 298.20 298.11 293.77 283.80 269.82 257.85 246.19
  130   19 253.00 275.98 286.38 296.10 297.98 299.09 298.86 294.39 284.22 268.74 257.23 245.39
 31 10102 330
  130    1 254.10 247.12 244.80 242.39 240.92 239.01 238.08 234.04 230.04 222.35 212.33 201.78
  130    2 240.68 231.76 222.56 215.66 214.20 212.52 214.07 215.15 214.83 215.64 211.79 206.20
  130    3 240.56 229.58 217.64 208.73 208.00 209.69 207.03 203.58 206.06 213.75 214.63 208.34
  130    4 236.21 226.96 212.96 199.30 195.17 192.21 191.69 195.64 203.98 214.12 214.96 210.21
  130    5 234.33 226.49 212.15 201.07 196.57 193.94 194.01 198.66 206.78 215.60 218.84 212.75
  130    6 232.03 225.82 213.89 206.85 204.95 203.74 204.28 206.59 210.07 218.06 218.39 214.01
  130    7 230.92 226.43 215.99 216.18 217.41 217.92 217.94 216.08 212.97 217.88 218.76 216.32
  130    8 226.71 223.81 222.85 229.29 231.35 232.71 232.39 229.03 222.08 218.01 216.70 214.17
  130    9 224.64 226.85 234.97 242.99 245.11 246.37 246.14 242.08 234.39 224.84 219.23 214.32
  130   10 226.66 236.13 246.52 254.20 256.43 257.79 257.43 253.90 245.44 234.43 228.67 219.58
  130   11 232.67 246.81 257.82 265.40 267.48 268.05 267.81 264.86 255.78 244.05 238.69 227.69
  130   12 239.16 253.39 265.37 273.68 275.29 275.50 275.46 273.45 263.93 251.54 246.52 235.21
  130   13 245.81 260.70 272.42 280.67 281.99 282.51 282.47 280.05 270.78 258.08 252.82 241.34
  130   14 250.96 265.04 276.60 285.81 287.27 286.95 285.94 283.69 275.32 262.30 256.64 245.34
  130   15 254.88 269.72 279.39 288.57 290.41 291.22 290.38 286.69 277.80 265.77 260.55 248.12
  130   16 256.03 272.57 281.75 291.33 293.29 293.93 293.76 289.37 280.23 268.29 261.74 246.87
  130   17 255.73 274.21 283.89 293.51 295.21 296.04 296.13 291.88 282.48 269.73 260.23 245.98
  130   18 254.66 275.35 285.51 295.30 297.13 298.19 298.07 293.67 283.72 269.89 257.78 246.05
  130   19 252.93 276.01 286.41 296.15 298.04 299.07 298.83 294.31 284.16 268.79 257.16 245.23
 32 10102 400
  130    1 254.09 247.20 244.68 242.51 241.05 239.07 237.93 233.92 229.98 222.46 212.30 201.68
  130    2 240.63 231.83 222.44 215.82 214.37 212.57 213.93 214.97 214.77 215.77 211.79 206.08
  130    3 240.51 229.62 217.57 208.86 208.18 209.73 206.92 203.41 206.00 213.87 214.63 208.25
  130    4 236.18 227.01 212.92 199.38 195.29 192.29 191.60 195.53 203.92 214.22 214.97 210.13
  130    5 234.30 226.55 212.14 201.08 196.64 194.00 193.95 198.62 206.73 215.68 218.85 212.67
  130    6 231.97 225.88 213.88 206.84 204.96 203.75 204.27 206.55 210.02 218.14 218.39 213.96
  130    7 230.85 226.47 215.98 216.19 217.40 217.91 217.91 216.05 212.92 217.93 218.77 216.29
  130    8 226.63 223.86 222.83 229.30 231.35 232.71 232.36 228.97 222.03 218.00 216.71 214.15
  130    9 224.55 226.86 234.99 243.01 245.11 246.35 246.12 242.03 234.36 224.83 219.22 214.30
  130   10 226.61 236.12 246.54 254.21 256.44 257.75 257.41 253.83 245.40 234.44 228.63 219.60
  130   11 232.63 246.81 257.84 265.41 267.49 268.00 267.78 264.80 255.73 244.06 238.65 227.71
  130   12 239.13 253.41 265.40 273.72 275.30 275.47 275.44 273.40 263.87 251.56 246.49 235.22
  130   13 245.77 260.73 272.44 280.70 282.02 282.49 282.44 280.00 270.71 258.11 252.78 241.34
  130   14 250.91 265.08 276.62 285.84 287.29 286.95 285.93 283.64 275.26 262.33 256.59 245.33
  130   15 254.82 269.76 279.41 288.62 290.42 291.19 290.37 286.66 277.75 265.81 260.50 248.11
  130   16 255.97 272.62 281.78 291.42 293.31 293.92 293.73 289.33 280.17 268.35 261.67 246.87
  130   17 255.66 274.24 283.91 293.61 295.22 296.03 296.10 291.82 282.41 269.78 260.17 245.91
  130   18 254.59 275.39 285.54 295.39 297.14 298.18 298.04 293.58 283.65 269.94 257.73 245.91
  130   19 252.78 276.04 286.43 296.22 298.05 299.06 298.80 294.27 284.10 268.78 257.09 245.08
 33 10102 430
  130    1 253.98 247.31 244.59 242.58 241.14 239.15 237.78 233.88 230.00 222.52 212.27 201.62
  130    2 240.48 231.92 222.36 215.96 214.50 212.60 213.80 214.86 214.79 215.82 211.77 205.99
  130    3 240.37 229.68 217.53 209.00 208.34 209.72 206.83 203.28 206.00 213.92 214.63 208.20
  130    4 236.08 227.06 212.89 199.46 195.42 192.36 191.52 195.44 203.91 214.26 214.97 210.10
  130    5 234.20 226.60 212.14 201.09 196.67 194.07 193.89 198.59 206.71 215.71 218.86 212.62
  130    6 231.86 225.93 213.88 206.85 204.97 203.77 204.25 206.53 210.01 218.18 218.40 213.93
  130    7 230.73 226.52 215.96 216.18 217.38 217.90 217.89 216.03 212.89 217.95 218.79 216.29
  130    8 226.49 223.90 222.81 229.28 231.36 232.68 232.34 228.92 222.00 217.98 216.72 214.15
  130    9 224.43 226.86 234.99 243.01 245.08 246.34 246.09 241.98 234.34 224.79 219.19 214.30
  130   10 226.51 236.11 246.56 254.22 256.40 257.72 257.39 253.77 245.37 234.41 228.61 219.63
  130   11 232.55 246.80 257.84 265.43 267.45 267.96 267.75 264.73 255.69 244.04 238.61 227.73
  130   12 239.05 253.43 265.41 273.74 275.27 275.44 275.42 273.34 263.82 251.54 246.45 235.24
  130   13 245.69 260.75 272.45 280.73 281.99 282.46 282.41 279.93 270.66 258.10 252.76 241.36
  130   14 250.81 265.11 276.63 285.88 287.25 286.93 285.91 283.57 275.21 262.34 256.57 245.34
  130   15 254.71 269.80 279.45 288.67 290.40 291.16 290.36 286.62 277.71 265.84 260.46 248.11
  130   16 255.84 272.67 281.80 291.50 293.28 293.89 293.73 289.31 280.15 268.36 261.61 246.89
  130   17 255.53 274.27 283.94 293.70 295.23 296.01 296.08 291.79 282.38 269.78 260.09 245.87
  130   18 254.47 275.44 285.58 295.49 297.14 298.15 298.03 293.56 283.63 269.94 257.67 245.81
  130   19 252.60 276.09 286.45 296.31 298.02 299.03 298.79 294.26 284.07 268.77 257.04 244.93
 34 10102 500
  130    1 253.84 247.39 244.55 242.60 241.20 239.21 237.61 233.83 230.05 222.51 212.25 201.58
  130    2 240.29 231.99 222.32 216.03 214.59 212.63 213.66 214.79 214.88 215.79 211.76 205.96
  130    3 240.21 229.71 217.53 209.08 208.46 209.71 206.73 203.20 206.07 213.90 214.62 208.20
  130    4 235.95 227.09 212.91 199.50 195.50 192.40 191.44 195.40 203.94 214.24 214.96 210.10
  130    5 234.09 226.62 212.16 201.09 196.71 194.11 193.84 198.57 206.73 215.70 218.86 212.61
  130    6 231.74 225.96 213.89 206.84 204.97 203.78 204.23 206.51 210.02 218.17 218.42 213.94
  130    7 230.60 226.55 215.97 216.19 217.35 217.89 217.87 216.02 212.88 217.92 218.81 216.32
  130    8 226.33 223.93 222.80 229.30 231.35 232.68 232.32 228.89 221.97 217.91 216.73 214.18
  130    9 224.30 226.86 235.01 243.04 245.06 246.34 246.07 241.95 234.32 224.72 219.18 214.32
  130   10 226.41 236.11 246.58 254.24 256.39 257.72 257.37 253.74 245.36 234.36 228.57 219.67
  130   11 232.45 246.79 257.86 265.44 267.43 267.98 267.73 264.70 255.68 243.99 238.58 227.77
  130   12 238.95 253.44 265.44 273.77 275.25 275.43 275.42 273.31 263.80 251.49 246.42 235.27
  130   13 245.59 260.77 272.47 280.76 281.98 282.45 282.41 279.91 270.64 258.05 252.73 241.39
  130   14 250.70 265.14 276.65 285.93 287.25 286.95 285.93 283.56 275.19 262.29 256.53 245.37
  130   15 254.59 269.83 279.47 288.71 290.40 291.14 290.36 286.63 277.69 265.79 260.41 248.14
  130   16 255.70 272.71 281.83 291.58 293.28 293.89 293.72 289.31 280.12 268.33 261.56 246.92
  130   17 255.38 274.29 283.95 293.74 295.23 295.99 296.06 291.79 282.37 269.74 260.04 245.84
  130   18 254.32 275.48 285.62 295.53 297.14 298.11 298.00 293.57 283.62 269.86 257.64 245.73
  130   19 252.43 276.12 286.48 296.36 298.03 298.99 298.78 294.28 284.08 268.71 257.00 244.81
 35 10102 530
  130    1 253.72 247.46 244.57 242.58 241.23 239.28 237.47 233.87 230.15 222.45 212.22 201.61
  130    2 240.13 232.04 222.36 216.05 214.64 212.65 213.54 214.80 215.02 215.70 211.74 205.99
  130    3 240.08 229.71 217.58 209.14 208.55 209.66 206.68 203.19 206.17 213.83 214.59 208.25
  130    4 235.86 227.09 212.96 199.54 195.58 192.42 191.40 195.39 204.00 214.17 214.95 210.15
  130    5 234.00 226.62 212.21 201.08 196.75 194.17 193.80 198.58 206.78 215.65 218.86 212.65
  130    6 231.66 225.97 213.92 206.83 204.98 203.80 204.21 206.52 210.06 218.12 218.43 213.98
  130    7 230.51 226.56 215.99 216.17 217.33 217.88 217.85 216.02 212.90 217.85 218.83 216.39
  130    8 226.22 223.94 222.79 229.26 231.35 232.66 232.30 228.86 221.96 217.83 216.74 214.24
  130    9 224.21 226.84 235.02 243.03 245.05 246.32 246.05 241.93 234.31 224.62 219.14 214.35
  130   10 226.34 236.09 246.61 254.23 256.38 257.69 257.35 253.72 245.36 234.29 228.54 219.72
  130   11 232.38 246.77 257.87 265.44 267.42 267.93 267.72 264.68 255.67 243.92 238.54 227.81
  130   12 238.88 253.43 265.47 273.78 275.25 275.41 275.40 273.31 263.79 251.42 246.39 235.31
  130   13 245.51 260.77 272.50 280.76 281.96 282.43 282.38 279.92 270.63 257.98 252.71 241.44
  130   14 250.60 265.15 276.68 285.92 287.24 286.94 285.90 283.56 275.18 262.24 256.53 245.41
  130   15 254.48 269.84 279.51 288.74 290.39 291.12 290.36 286.65 277.71 265.74 260.39 248.18
  130   16 255.58 272.72 281.86 291.63 293.24 293.84 293.72 289.35 280.14 268.26 261.51 246.97
  130   17 255.26 274.30 284.00 293.82 295.17 295.96 296.06 291.83 282.38 269.67 259.97 245.83
  130   18 254.20 275.50 285.67 295.58 297.14 298.07 298.01 293.62 283.65 269.78 257.61 245.66
  130   19 252.31 276.12 286.52 296.38 298.04 298.97 298.81 294.39 284.14 268.66 256.97 244.70
 36 10102 600
  130    1 253.66 247.51 244.63 242.52 241.23 239.34 237.35 233.93 230.25 222.39 212.17 201.67
  130    2 240.05 232.06 222.45 216.02 214.64 212.66 213.45 214.87 215.16 215.60 211.69 206.07
  130    3 240.02 229.69 217.66 209.16 208.60 209.60 206.65 203.23 206.28 213.75 214.55 208.34
  130    4 235.82 227.06 213.03 199.54 195.62 192.42 191.37 195.41 204.07 214.10 214.91 210.23
  130    5 233.98 226.60 212.27 201.07 196.77 194.20 193.77 198.61 206.82 215.59 218.84 212.71
  130    6 231.65 225.96 213.96 206.83 204.98 203.79 204.21 206.54 210.10 218.07 218.41 214.05
  130    7 230.49 226.55 216.01 216.18 217.29 217.87 217.82 216.04 212.92 217.79 218.83 216.48
  130    8 226.17 223.94 222.78 229.27 231.34 232.65 232.28 228.86 221.97 217.74 216.74 214.32
  130    9 224.18 226.81 235.03 243.04 245.02 246.33 246.02 241.93 234.31 224.53 219.11 214.39
  130   10 226.33 236.07 246.63 254.23 256.34 257.69 257.34 253.71 245.36 234.21 228.49 219.78
  130   11 232.35 246.74 257.89 265.44 267.36 267.94 267.70 264.68 255.68 243.83 238.50 227.86
  130   12 238.84 253.43 265.50 273.78 275.21 275.41 275.40 273.33 263.79 251.34 246.35 235.36
  130   13 245.47 260.77 272.54 280.78 281.95 282.41 282.38 279.93 270.64 257.89 252.67 241.49
  130   14 250.56 265.16 276.71 285.93 287.24 286.94 285.92 283.59 275.18 262.17 256.49 245.46
  130   15 254.43 269.85 279.56 288.77 290.39 291.10 290.36 286.70 277.71 265.66 260.34 248.24
  130   16 255.51 272.73 281.90 291.64 293.24 293.82 293.72 289.40 280.16 268.19 261.46 247.04
  130   17 255.20 274.30 284.04 293.83 295.19 295.93 296.06 291.90 282.39 269.58 259.90 245.84
  130   18 254.13 275.50 285.70 295.59 297.15 298.03 298.02 293.66 283.67 269.69 257.57 245.60
  130   19 252.27 276.10 286.54 296.39 298.08 298.95 298.81 294.51 284.19 268.64 256.92 244.61
 37 10102 630
  130    1 253.68 247.56 244.73 242.42 241.16 239.40 237.30 234.07 230.32 222.34 212.09 201.74
  130    2 240.06 232.08 222.56 215.96 214.58 212.66 213.42 214.99 215.26 215.52 211.61 206.16
  130    3 240.04 229.67 217.75 209.18 208.61 209.51 206.66 203.31 206.37 213.69 214.48 208.43
  130    4 235.84 227.02 213.10 199.58 195.67 192.40 191.36 195.45 204.12 214.05 214.85 210.32
  130    5 234.01 226.57 212.33 201.06 196.81 194.25 193.74 198.64 206.86 215.56 218.80 212.77
  130    6 231.70 225.94 214.00 206.81 204.99 203.83 204.19 206.57 210.14 218.05 218.37 214.13
  130    7 230.54 226.54 216.03 216.15 217.28 217.86 217.80 216.05 212.95 217.75 218.81 216.58
  130    8 226.19 223.93 222.77 229.26 231.33 232.64 232.27 228.84 221.97 217.66 216.72 214.40
  130    9 224.20 226.78 235.04 243.04 245.00 246.33 246.02 241.93 234.30 224.43 219.06 214.43
  130   10 226.36 236.03 246.65 254.24 256.32 257.68 257.33 253.71 245.36 234.14 228.43 219.83
  130   11 232.36 246.71 257.89 265.45 267.35 267.92 267.70 264.68 255.68 243.76 238.44 227.91
  130   12 238.85 253.41 265.51 273.80 275.20 275.40 275.39 273.34 263.79 251.27 246.29 235.40
  130   13 245.49 260.77 272.55 280.77 281.94 282.40 282.36 279.97 270.63 257.82 252.62 241.54
  130   14 250.57 265.16 276.73 285.92 287.24 286.95 285.92 283.60 275.18 262.12 256.45 245.52
  130   15 254.43 269.85 279.58 288.78 290.38 291.09 290.39 286.75 277.73 265.63 260.28 248.29
  130   16 255.50 272.72 281.92 291.64 293.22 293.79 293.73 289.46 280.19 268.14 261.37 247.12
  130   17 255.19 274.30 284.05 293.85 295.21 295.91 296.08 291.97 282.41 269.54 259.82 245.86
  130   18 254.13 275.49 285.71 295.59 297.15 298.01 298.05 293.77 283.71 269.61 257.50 245.54
  130   19 252.28 276.11 286.55 296.39 298.13 298.94 298.84 294.65 284.25 268.62 256.84 244.51
 38 10102 700
  130    1 253.72 247.58 244.82 242.33 241.06 239.41 237.27 234.16 230.34 222.32 211.99 201.80
  130    2 240.09 232.08 222.66 215.90 214.47 212.62 213.44 215.11 215.31 215.48 211.51 206.22
  130    3 240.08 229.63 217.82 209.19 208.57 209.38 206.73 203.41 206.41 213.67 214.39 208.50
  130    4 235.89 226.96 213.15 199.61 195.67 192.36 191.40 195.51 204.15 214.03 214.78 210.38
  130    5 234.07 226.54 212.37 201.05 196.82 194.27 193.74 198.68 206.87 215.56 218.73 212.82
  130    6 231.77 225.92 214.02 206.78 204.99 203.82 204.19 206.60 210.15 218.06 218.31 214.18
  130    7 230.62 226.52 216.04 216.13 217.25 217.84 217.79 216.07 212.97 217.76 218.77 216.66
  130    8 226.26 223.92 222.74 229.21 231.33 232.63 232.25 228.84 221.98 217.61 216.69 214.46
  130    9 224.25 226.75 235.02 243.01 244.98 246.34 246.00 241.93 234.30 224.37 219.00 214.45
  130   10 226.42 236.00 246.64 254.20 256.30 257.68 257.32 253.70 245.37 234.09 228.36 219.86
  130   11 232.41 246.68 257.86 265.40 267.33 267.93 267.69 264.68 255.68 243.71 238.36 227.93
  130   12 238.89 253.41 265.49 273.75 275.20 275.42 275.39 273.37 263.78 251.23 246.22 235.42
  130   13 245.53 260.76 272.53 280.75 281.91 282.41 282.36 280.00 270.63 257.79 252.56 241.57
  130   14 250.62 265.18 276.72 285.91 287.23 286.97 285.94 283.64 275.16 262.09 256.38 245.55
  130   15 254.47 269.86 279.58 288.77 290.37 291.10 290.39 286.80 277.72 265.60 260.19 248.33
  130   16 255.53 272.72 281.92 291.66 293.21 293.78 293.72 289.52 280.20 268.12 261.28 247.17
  130   17 255.23 274.30 284.04 293.89 295.19 295.89 296.09 292.03 282.41 269.53 259.72 245.85
  130   18 254.17 275.48 285.71 295.61 297.14 297.98 298.05 293.86 283.72 269.57 257.42 245.46
  130   19 252.35 276.10 286.53 296.42 298.13 298.94 298.86 294.77 284.31 268.67 256.75 244.39
 39 10102 730
  130    1 253.77 247.60 244.89 242.24 240.93 239.41 237.32 234.27 230.34 222.33 211.90 201.83
  130    2 240.14 232.06 222.74 215.85 214.31 212.55 213.53 215.22 215.32 215.48 211.43 206.22
  130    3 240.13 229.58 217.87 209.22 208.49 209.22 206.85 203.48 206.42 213.68 214.31 208.52
  130    4 235.95 226.91 213.18 199.67 195.66 192.29 191.47 195.56 204.14 214.05 214.71 210.40
  130    5 234.13 226.49 212.39 201.04 196.86 194.29 193.74 198.71 206.86 215.59 218.66 212.81
  130    6 231.82 225.90 214.02 206.76 204.99 203.83 204.19 206.64 210.15 218.11 218.24 214.18
  130    7 230.71 226.51 216.03 216.10 217.23 217.82 217.78 216.08 212.98 217.80 218.73 216.69
  130    8 226.33 223.92 222.71 229.19 231.31 232.63 232.25 228.82 221.98 217.60 216.65 214.48
  130    9 224.30 226.71 235.00 243.00 244.94 246.35 246.00 241.92 234.29 224.32 218.93 214.43
  130   10 226.48 235.97 246.61 254.19 256.27 257.69 257.34 253.69 245.37 234.06 228.30 219.86
  130   11 232.47 246.66 257.82 265.39 267.30 267.92 267.70 264.67 255.68 243.69 238.29 227.93
  130   12 238.95 253.41 265.45 273.75 275.17 275.41 275.41 273.38 263.77 251.23 246.14 235.41
  130   13 245.59 260.77 272.49 280.73 281.92 282.41 282.37 280.00 270.62 257.79 252.48 241.57
  130   14 250.67 265.19 276.67 285.89 287.23 286.98 285.95 283.63 275.15 262.10 256.31 245.54
  130   15 254.53 269.86 279.54 288.79 290.38 291.09 290.42 286.83 277.72 265.63 260.11 248.33
  130   16 255.58 272.71 281.88 291.64 293.21 293.77 293.74 289.56 280.20 268.14 261.18 247.18
  130   17 255.28 274.32 284.00 293.88 295.23 295.89 296.12 292.07 282.42 269.54 259.59 245.82
  130   18 254.21 275.48 285.65 295.59 297.24 297.97 298.07 293.95 283.76 269.56 257.31 245.36
  130   19 252.42 276.10 286.47 296.46 298.19 298.94 298.91 294.90 284.42 268.80 256.66 244.21
 40 10102 800
  130    1 253.80 247.60 244.94 242.17 240.79 239.37 237.42 234.33 230.33 222.35 211.83 201.81
  130    2 240.14 232.03 222.79 215.79 214.14 212.46 213.68 215.29 215.30 215.49 211.37 206.16
  130    3 240.14 229.52 217.89 209.25 208.38 209.05 207.02 203.54 206.41 213.70 214.25 208.46
  130    4 235.98 226.84 213.19 199.72 195.63 192.21 191.57 195.59 204.13 214.08 214.66 210.35
  130    5 234.16 226.44 212.38 201.05 196.85 194.31 193.76 198.74 206.84 215.63 218.60 212.75
  130    6 231.84 225.87 214.01 206.74 204.97 203.83 204.19 206.66 210.13 218.17 218.18 214.13
  130    7 230.76 226.49 216.01 216.08 217.19 217.80 217.77 216.08 212.99 217.87 218.70 216.66
  130    8 226.39 223.91 222.66 229.14 231.31 232.62 232.25 228.80 221.98 217.60 216.62 214.44
  130    9 224.34 226.68 234.97 242.96 244.93 246.35 245.99 241.90 234.30 224.29 218.88 214.38
  130   10 226.53 235.94 246.58 254.15 256.24 257.68 257.34 253.66 245.39 234.05 228.23 219.84
  130   11 232.52 246.63 257.77 265.34 267.28 267.92 267.71 264.64 255.70 243.69 238.21 227.90
  130   12 239.00 253.40 265.39 273.71 275.16 275.43 275.43 273.36 263.78 251.24 246.06 235.37
  130   13 245.64 260.77 272.42 280.71 281.89 282.42 282.38 279.98 270.63 257.81 252.41 241.52
  130   14 250.72 265.20 276.61 285.87 287.21 287.02 285.98 283.62 275.15 262.14 256.24 245.50
  130   15 254.58 269.87 279.49 288.77 290.35 291.11 290.45 286.83 277.71 265.67 260.02 248.28
  130   16 255.62 272.72 281.83 291.65 293.18 293.78 293.76 289.56 280.21 268.21 261.07 247.15
  130   17 255.32 274.32 283.97 293.89 295.19 295.90 296.15 292.10 282.42 269.59 259.49 245.74
  130   18 254.25 275.48 285.59 295.61 297.20 297.99 298.09 293.99 283.80 269.62 257.25 245.20
  130   19 252.46 276.09 286.39 296.54 298.20 298.97 298.97 294.96 284.48 268.87 256.59 244.01
 41 10102 830
  130    1 253.80 247.60 244.98 242.08 240.66 239.35 237.57 234.40 230.30 222.37 211.79 201.75
  130    2 240.11 232.01 222.82 215.72 213.96 212.38 213.87 215.35 215.29 215.49 211.36 206.04
  130    3 240.11 229.47 217.91 209.25 208.26 208.87 207.23 203.59 206.40 213.71 214.24 208.35
  130    4 235.98 226.78 213.19 199.78 195.60 192.10 191.70 195.62 204.11 214.10 214.64 210.25
  130    5 234.16 226.38 212.38 201.05 196.85 194.30 193.78 198.76 206.82 215.67 218.58 212.64
  130    6 231.83 225.84 213.99 206.71 204.97 203.84 204.19 206.69 210.12 218.23 218.15 214.04
  130    7 230.77 226.48 215.98 216.05 217.18 217.78 217.76 216.08 213.00 217.95 218.69 216.58
  130    8 226.42 223.90 222.61 229.13 231.28 232.61 232.24 228.78 221.99 217.62 216.61 214.35
  130    9 224.37 226.63 234.93 242.94 244.88 246.40 245.99 241.87 234.31 224.27 218.83 214.29
  130   10 226.56 235.90 246.54 254.13 256.20 257.77 257.34 253.62 245.41 234.04 228.18 219.79
  130   11 232.56 246.60 257.70 265.32 267.24 268.02 267.71 264.60 255.71 243.68 238.15 227.84
  130   12 239.04 253.39 265.32 273.68 275.12 275.52 275.43 273.32 263.79 251.26 246.00 235.29
  130   13 245.68 260.77 272.35 280.68 281.90 282.50 282.39 279.94 270.64 257.84 252.36 241.44
  130   14 250.76 265.20 276.54 285.84 287.19 287.07 285.99 283.58 275.15 262.19 256.21 245.41
  130   15 254.62 269.87 279.42 288.76 290.37 291.17 290.47 286.82 277.73 265.72 259.96 248.19
  130   16 255.65 272.70 281.76 291.60 293.20 293.84 293.79 289.56 280.23 268.26 260.99 247.08
  130   17 255.35 274.32 283.90 293.84 295.25 295.88 296.17 292.13 282.45 269.62 259.40 245.62
  130   18 254.27 275.47 285.51 295.60 297.24 297.98 298.13 294.03 283.86 269.68 257.20 245.01
  130   19 252.46 276.08 286.30 296.51 298.24 298.98 299.08 295.02 284.58 268.93 256.52 243.77
 42 10102 900
  130    1 253.76 247.58 244.97 241.99 240.55 239.29 237.72 234.45 230.27 222.37 211.80 201.67
  130    2 240.02 231.97 222.82 215.65 213.82 212.28 214.07 215.40 215.26 215.48 211.40 205.90
  130    3 240.04 229.42 217.90 209.25 208.15 208.69 207.44 203.64 206.38 213.71 214.28 208.21
  130    4 235.95 226.72 213.17 199.81 195.57 192.01 191.83 195.66 204.09 214.10 214.66 210.12
  130    5 234.13 226.33 212.35 201.05 196.85 194.32 193.81 198.79 206.80 215.69 218.59 212.50
  130    6 231.79 225.81 213.96 206.69 204.95 203.83 204.20 206.70 210.11 218.28 218.16 213.92
  130    7 230.76 226.46 215.95 216.03 217.14 217.76 217.75 216.07 213.01 218.01 218.71 216.47
  130    8 226.42 223.89 222.56 229.09 231.26 232.61 232.24 228.76 221.99 217.63 216.62 214.23
  130    9 224.38 226.60 234.88 242.91 244.86 246.41 245.98 241.85 234.32 224.25 218.80 214.17
  130   10 226.58 235.87 246.51 254.10 256.18 257.78 257.34 253.59 245.44 234.03 228.13 219.72
  130   11 232.58 246.57 257.64 265.27 267.23 268.03 267.71 264.56 255.75 243.69 238.11 227.77
  130   12 239.07 253.38 265.25 273.65 275.14 275.55 275.44 273.28 263.82 251.28 245.95 235.20
  130   13 245.71 260.75 272.28 280.65 281.86 282.52 282.39 279.90 270.68 257.87 252.31 241.34
  130   14 250.79 265.20 276.47 285.81 287.17 287.13 286.02 283.54 275.18 262.23 256.17 245.31
  130   15 254.64 269.86 279.36 288.73 290.36 291.20 290.49 286.80 277.75 265.77 259.91 248.09
  130   16 255.66 272.69 281.72 291.59 293.18 293.85 293.80 289.55 280.28 268.33 260.93 246.99
  130   17 255.37 274.31 283.86 293.79 295.22 295.91 296.19 292.12 282.48 269.70 259.34 245.48
  130   18 254.28 275.44 285.45 295.60 297.23 298.00 298.17 294.05 283.92 269.69 257.16 244.81
  130   19 252.45 276.05 286.23 296.54 298.22 299.01 299.15 295.10 284.66 268.98 256.51 243.51
 43 10102 930
  130    1 253.69 247.58 244.95 241.90 240.47 239.25 237.87 234.53 230.25 222.37 211.83 201.60
  130    2 239.90 231.97 222.80 215.56 213.70 212.20 214.25 215.50 215.24 215.45 211.47 205.75
  130    3 239.93 229.40 217.89 209.23 208.07 208.53 207.64 203.72 206.37 213.69 214.34 208.08
  130    4 235.88 226.69 213.15 199.84 195.56 191.91 191.95 195.71 204.08 214.10 214.71 209.99
  130    5 234.07 226.30 212.33 201.04 196.87 194.30 193.83 198.83 206.78 215.71 218.64 212.36
  130    6 231.74 225.80 213.94 206.66 204.95 203.86 204.19 206.73 210.09 218.31 218.19 213.80
  130    7 230.72 226.45 215.92 215.97 217.09 217.76 217.74 216.07 213.03 218.06 218.76 216.35
  130    8 226.39 223.88 222.51 229.04 231.21 232.62 232.23 228.75 222.00 217.63 216.64 214.11
  130    9 224.38 226.56 234.85 242.88 244.78 246.45 245.96 241.82 234.34 224.23 218.78 214.05
  130   10 226.61 235.83 246.47 254.06 256.08 257.90 257.32 253.56 245.47 234.02 228.10 219.65
  130   11 232.61 246.54 257.59 265.22 267.14 268.15 267.70 264.53 255.77 243.69 238.07 227.70
  130   12 239.09 253.37 265.19 273.59 275.06 275.69 275.44 273.28 263.84 251.29 245.92 235.12
  130   13 245.74 260.74 272.21 280.59 281.84 282.62 282.40 279.89 270.71 257.90 252.29 241.25
  130   14 250.80 265.20 276.41 285.75 287.13 287.20 286.03 283.52 275.20 262.27 256.16 245.22
  130   15 254.66 269.85 279.30 288.70 290.34 291.28 290.51 286.82 277.78 265.82 259.88 247.98
  130   16 255.67 272.66 281.67 291.52 293.19 293.94 293.83 289.57 280.31 268.36 260.90 246.90
  130   17 255.38 274.30 283.83 293.74 295.26 295.93 296.21 292.16 282.53 269.73 259.29 245.35
  130   18 254.27 275.42 285.40 295.56 297.29 298.01 298.23 294.12 284.00 269.72 257.14 244.61
  130   19 252.42 276.03 286.19 296.48 298.26 299.05 299.27 295.20 284.76 269.00 256.49 243.26
 44 10102 1000
  130    1 253.60 247.59 244.90 241.82 240.42 239.21 237.99 234.62 230.22 222.36 211.87 201.55
  130    2 239.77 231.98 222.76 215.48 213.62 212.13 214.39 215.62 215.22 215.42 211.55 205.65
  130    3 239.82 229.41 217.87 209.20 208.00 208.38 207.81 203.83 206.36 213.67 214.42 207.98
  130    4 235.78 226.68 213.12 199.85 195.57 191.83 192.05 195.79 204.06 214.08 214.77 209.90
  130    5 234.00 226.28 212.30 201.04 196.87 194.30 193.84 198.87 206.76 215.70 218.69 212.26
  130    6 231.68 225.79 213.91 206.63 204.93 203.88 204.18 206.76 210.08 218.33 218.24 213.72
  130    7 230.67 226.45 215.89 215.96 217.06 217.75 217.73 216.07 213.05 218.10 218.82 216.27
  130    8 226.35 223.89 222.46 229.02 231.19 232.63 232.23 228.75 222.00 217.62 216.68 214.02
  130    9 224.37 226.53 234.81 242.85 244.77 246.51 245.95 241.82 234.35 224.20 218.77 213.96
  130   10 226.63 235.81 246.44 254.03 256.07 258.02 257.31 253.55 245.50 234.00 228.07 219.60
  130   11 232.63 246.51 257.54 265.19 267.14 268.29 267.69 264.52 255.81 243.68 238.04 227.66
  130   12 239.10 253.35 265.14 273.56 275.07 275.80 275.43 273.28 263.87 251.30 245.89 235.05
  130   13 245.75 260.72 272.16 280.54 281.81 282.73 282.38 279.90 270.75 257.92 252.26 241.18
  130   14 250.82 265.19 276.36 285.72 287.12 287.30 286.01 283.52 275.22 262.29 256.15 245.15
  130   15 254.67 269.83 279.25 288.67 290.35 291.37 290.51 286.85 277.80 265.85 259.86 247.91
  130   16 255.68 272.65 281.64 291.49 293.19 294.02 293.82 289.60 280.37 268.42 260.85 246.84
  130   17 255.38 274.29 283.82 293.75 295.26 295.95 296.21 292.19 282.58 269.75 259.25 245.24
  130   18 254.27 275.40 285.36 295.56 297.29 298.03 298.30 294.20 284.08 269.76 257.14 244.44
  130   19 252.40 276.00 286.15 296.45 298.26 299.08 299.37 295.33 284.85 269.04 256.48 243.06
 45 10102 1030
  130    1 253.54 247.64 244.84 241.75 240.44 239.23 238.06 234.74 230.22 222.35 211.90 201.56
  130    2 239.66 232.03 222.71 215.38 213.57 212.12 214.49 215.77 215.22 215.39 211.61 205.61
  130    3 239.70 229.44 217.85 209.14 207.93 208.26 207.96 203.97 206.36 213.63 214.49 207.94
  130    4 235.68 226.69 213.10 199.87 195.57 191.73 192.15 195.88 204.05 214.06 214.82 209.86
  130    5 233.91 226.29 212.27 201.04 196.91 194.28 193.86 198.93 206.75 215.69 218.73 212.22
  130    6 231.60 225.80 213.89 206.60 204.93 203.88 204.18 206.81 210.06 218.34 218.28 213.69
  130    7 230.60 226.46 215.87 215.93 217.03 217.72 217.72 216.08 213.07 218.13 218.87 216.26
  130    8 226.30 223.90 222.42 229.01 231.16 232.65 232.22 228.75 222.00 217.60 216.70 213.99
  130    9 224.34 226.50 234.78 242.85 244.71 246.47 245.93 241.83 234.36 224.17 218.76 213.91
  130   10 226.63 235.78 246.43 254.04 255.98 257.91 257.30 253.57 245.53 233.98 228.04 219.59
  130   11 232.63 246.48 257.51 265.19 267.05 268.15 267.69 264.53 255.84 243.67 238.01 227.66
  130   12 239.10 253.34 265.11 273.53 275.00 275.70 275.43 273.32 263.89 251.31 245.86 235.04
  130   13 245.76 260.72 272.12 280.52 281.79 282.67 282.38 279.93 270.77 257.94 252.23 241.16
  130   14 250.82 265.19 276.31 285.69 287.09 287.26 286.03 283.55 275.25 262.33 256.14 245.13
  130   15 254.67 269.82 279.21 288.65 290.32 291.32 290.52 286.91 277.83 265.89 259.83 247.89
  130   16 255.67 272.62 281.62 291.45 293.18 293.99 293.83 289.66 280.39 268.45 260.82 246.84
  130   17 255.38 274.28 283.78 293.66 295.30 295.96 296.20 292.26 282.63 269.77 259.20 245.19
  130   18 254.26 275.39 285.33 295.46 297.32 298.10 298.34 294.33 284.16 269.76 257.13 244.31
  130   19 252.34 275.99 286.12 296.39 298.27 299.13 299.45 295.49 284.92 269.03 256.46 242.91
 46 10102 1100
  130    1 253.49 247.66 244.76 241.68 240.42 239.22 238.10 234.83 230.22 222.33 211.92 201.61
  130    2 239.58 232.06 222.65 215.30 213.52 212.09 214.55 215.90 215.23 215.35 211.66 205.65
  130    3 239.60 229.48 217.83 209.10 207.88 208.16 208.06 204.10 206.36 213.60 214.54 207.98
  130    4 235.58 226.71 213.08 199.87 195.59 191.66 192.21 195.96 204.04 214.03 214.86 209.89
  130    5 233.83 226.30 212.25 201.03 196.92 194.27 193.86 198.99 206.73 215.67 218.77 212.24
  130    6 231.53 225.81 213.87 206.57 204.92 203.87 204.17 206.85 210.05 218.34 218.31 213.73
  130    7 230.53 226.47 215.85 215.91 217.02 217.68 217.72 216.08 213.09 218.15 218.91 216.31
  130    8 226.22 223.91 222.38 228.99 231.16 232.61 232.23 228.76 221.99 217.58 216.71 214.03
  130    9 224.29 226.48 234.75 242.83 244.71 246.47 245.92 241.83 234.38 224.14 218.74 213.92
  130   10 226.61 235.75 246.41 254.03 256.00 257.96 257.29 253.58 245.55 233.96 228.01 219.63
  130   11 232.62 246.45 257.48 265.18 267.08 268.20 267.68 264.55 255.87 243.65 237.97 227.70
  130   12 239.09 253.33 265.08 273.51 275.04 275.75 275.42 273.34 263.92 251.31 245.82 235.07
  130   13 245.76 260.71 272.09 280.49 281.80 282.68 282.37 279.96 270.80 257.95 252.19 241.20
  130   14 250.81 265.19 276.28 285.67 287.13 287.26 286.02 283.57 275.27 262.34 256.12 245.18
  130   15 254.66 269.81 279.18 288.64 290.33 291.35 290.52 286.95 277.85 265.92 259.80 247.93
  130   16 255.64 272.61 281.61 291.43 293.20 294.01 293.83 289.73 280.42 268.47 260.76 246.89
  130   17 255.36 274.27 283.76 293.66 295.34 295.94 296.22 292.35 282.66 269.79 259.16 245.20
  130   18 254.21 275.37 285.31 295.46 297.34 298.06 298.43 294.43 284.22 269.75 257.10 244.24
  130   19 252.29 275.98 286.11 296.36 298.28 299.11 299.58 295.64 284.99 269.02 256.40 242.84
 47 10102 1130
  130    1 253.50 247.66 244.68 241.64 240.44 239.27 238.09 234.90 230.27 222.32 211.92 201.72
  130    2 239.54 232.07 222.60 215.22 213.47 212.12 214.56 216.00 215.27 215.31 211.67 205.76
  130    3 239.53 229.51 217.83 209.04 207.81 208.08 208.15 204.20 206.38 213.56 214.56 208.09
  130    4 235.51 226.73 213.08 199.88 195.59 191.60 192.27 196.03 204.05 214.00 214.88 209.99
  130    5 233.75 226.31 212.24 201.03 196.95 194.26 193.86 199.03 206.73 215.65 218.79 212.33
  130    6 231.45 225.82 213.87 206.56 204.91 203.86 204.16 206.89 210.05 218.33 218.33 213.83
  130    7 230.44 226.48 215.84 215.88 217.02 217.65 217.71 216.09 213.12 218.16 218.93 216.43
  130    8 226.13 223.91 222.34 228.97 231.15 232.63 232.22 228.76 221.99 217.55 216.71 214.14
  130    9 224.21 226.44 234.73 242.84 244.66 246.44 245.92 241.84 234.39 224.10 218.72 213.98
  130   10 226.57 235.71 246.41 254.04 255.94 257.88 257.31 253.59 245.58 233.93 227.97 219.71
  130   11 232.58 246.41 257.46 265.18 267.03 268.10 267.71 264.57 255.90 243.63 237.93 227.78
  130   12 239.06 253.32 265.06 273.50 275.00 275.65 275.46 273.38 263.94 251.30 245.78 235.15
  130   13 245.73 260.70 272.07 280.50 281.75 282.63 282.39 279.99 270.83 257.95 252.15 241.28
  130   14 250.78 265.19 276.27 285.68 287.08 287.23 286.07 283.60 275.30 262.36 256.09 245.27
  130   15 254.61 269.80 279.17 288.63 290.31 291.30 290.56 287.02 277.88 265.92 259.74 248.03
  130   16 255.59 272.58 281.61 291.41 293.18 293.96 293.87 289.79 280.45 268.49 260.72 247.02
  130   17 255.30 274.26 283.74 293.62 295.32 295.91 296.22 292.43 282.70 269.80 259.11 245.26
  130   18 254.15 275.35 285.31 295.45 297.33 298.05 298.51 294.54 284.28 269.75 257.09 244.23
  130   19 252.20 275.97 286.12 296.35 298.26 299.08 299.70 295.74 285.06 268.99 256.33 242.81
 48 10102 1200
  130    1 253.53 247.63 244.62 241.59 240.43 239.32 238.06 234.92 230.34 222.31 211.90 201.84
  130    2 239.54 232.03 222.57 215.15 213.42 212.17 214.54 216.04 215.35 215.30 211.67 205.92
  130    3 239.49 229.50 217.84 208.98 207.75 208.05 208.20 204.26 206.42 213.54 214.57 208.24
  130    4 235.46 226.72 213.10 199.88 195.60 191.57 192.30 196.07 204.06 213.98 214.89 210.12
  130    5 233.69 226.29 212.25 201.01 196.97 194.25 193.85 199.07 206.73 215.63 218.80 212.46
  130    6 231.38 225.81 213.88 206.55 204.90 203.84 204.15 206.91 210.06 218.32 218.34 213.97
  130    7 230.35 226.46 215.85 215.90 217.00 217.59 217.70 216.08 213.16 218.16 218.96 216.59
  130    8 226.03 223.89 222.32 229.00 231.14 232.57 232.22 228.77 221.99 217.52 216.70 214.30
  130    9 224.13 226.39 234.71 242.85 244.64 246.38 245.90 241.84 234.41 224.06 218.69 214.07
  130   10 226.51 235.67 246.41 254.07 255.91 257.83 257.29 253.60 245.61 233.90 227.94 219.82
  130   11 232.53 246.38 257.45 265.21 267.01 268.05 267.69 264.58 255.93 243.60 237.89 227.90
  130   12 239.01 253.29 265.06 273.52 274.99 275.62 275.46 273.39 263.98 251.29 245.73 235.26
  130   13 245.68 260.68 272.06 280.49 281.74 282.57 282.40 280.01 270.87 257.95 252.10 241.40
  130   14 250.72 265.18 276.26 285.67 287.07 287.17 286.06 283.61 275.32 262.36 256.06 245.40
  130   15 254.55 269.78 279.16 288.64 290.29 291.26 290.57 287.05 277.91 265.92 259.71 248.16
  130   16 255.51 272.56 281.60 291.43 293.17 293.91 293.87 289.83 280.49 268.49 260.66 247.17
  130   17 255.23 274.25 283.75 293.59 295.33 295.86 296.32 292.48 282.75 269.78 259.06 245.36
  130   18 254.06 275.33 285.32 295.41 297.32 298.01 298.64 294.65 284.35 269.75 257.06 244.24
  130   19 252.11 275.96 286.14 296.29 298.24 299.06 299.84 295.86 285.11 268.99 256.28 242.80
